2021/06/15-12:45:22.700765 7f7e533e81c0 RocksDB version: 6.12.7
2021/06/15-12:45:22.700836 7f7e533e81c0 Git sha rocksdb_build_git_sha:@0@
2021/06/15-12:45:22.700838 7f7e533e81c0 Compile date Jan  1 1980
2021/06/15-12:45:22.700878 7f7e533e81c0 DB SUMMARY
2021/06/15-12:45:22.700879 7f7e533e81c0 DB Session ID:  KC6EFXM6C7MZLMAEBNGC
2021/06/15-12:45:22.700913 7f7e533e81c0 CURRENT file:  CURRENT
2021/06/15-12:45:22.700914 7f7e533e81c0 IDENTITY file:  IDENTITY
2021/06/15-12:45:22.700918 7f7e533e81c0 MANIFEST file:  MANIFEST-000293 size: 6338 Bytes
2021/06/15-12:45:22.700919 7f7e533e81c0 SST files in /home/fer/Projects/pro/ic/ic-playground/.dfx/state/replicated_state/node-100/ic_consensus_pool/consensus dir, Total Num: 12, files: 000297.sst 000298.sst 000299.sst 000300.sst 000301.sst 000302.sst 000303.sst 000304.sst 000305.sst 
2021/06/15-12:45:22.700920 7f7e533e81c0 Write Ahead Log file in /home/fer/Projects/pro/ic/ic-playground/.dfx/state/replicated_state/node-100/ic_consensus_pool/consensus: 000294.log size: 397766 ; 
2021/06/15-12:45:22.700921 7f7e533e81c0                         Options.error_if_exists: 0
2021/06/15-12:45:22.700922 7f7e533e81c0                       Options.create_if_missing: 1
2021/06/15-12:45:22.700922 7f7e533e81c0                         Options.paranoid_checks: 1
2021/06/15-12:45:22.700923 7f7e533e81c0                                     Options.env: 0x557e1747eba0
2021/06/15-12:45:22.700924 7f7e533e81c0                                      Options.fs: Posix File System
2021/06/15-12:45:22.700924 7f7e533e81c0                                Options.info_log: 0x7f7e52e5f430
2021/06/15-12:45:22.700925 7f7e533e81c0                Options.max_file_opening_threads: 16
2021/06/15-12:45:22.700926 7f7e533e81c0                              Options.statistics: (nil)
2021/06/15-12:45:22.700926 7f7e533e81c0                               Options.use_fsync: 1
2021/06/15-12:45:22.700927 7f7e533e81c0                       Options.max_log_file_size: 0
2021/06/15-12:45:22.700928 7f7e533e81c0                  Options.max_manifest_file_size: 1073741824
2021/06/15-12:45:22.700928 7f7e533e81c0                   Options.log_file_time_to_roll: 0
2021/06/15-12:45:22.700929 7f7e533e81c0                       Options.keep_log_file_num: 1000
2021/06/15-12:45:22.700929 7f7e533e81c0                    Options.recycle_log_file_num: 0
2021/06/15-12:45:22.700930 7f7e533e81c0                         Options.allow_fallocate: 1
2021/06/15-12:45:22.700931 7f7e533e81c0                        Options.allow_mmap_reads: 0
2021/06/15-12:45:22.700931 7f7e533e81c0                       Options.allow_mmap_writes: 0
2021/06/15-12:45:22.700932 7f7e533e81c0                        Options.use_direct_reads: 0
2021/06/15-12:45:22.700932 7f7e533e81c0                        Options.use_direct_io_for_flush_and_compaction: 0
2021/06/15-12:45:22.700933 7f7e533e81c0          Options.create_missing_column_families: 1
2021/06/15-12:45:22.700933 7f7e533e81c0                              Options.db_log_dir: 
2021/06/15-12:45:22.700934 7f7e533e81c0                                 Options.wal_dir: /home/fer/Projects/pro/ic/ic-playground/.dfx/state/replicated_state/node-100/ic_consensus_pool/consensus
2021/06/15-12:45:22.700935 7f7e533e81c0                Options.table_cache_numshardbits: 6
2021/06/15-12:45:22.700949 7f7e533e81c0                         Options.WAL_ttl_seconds: 0
2021/06/15-12:45:22.700949 7f7e533e81c0                       Options.WAL_size_limit_MB: 0
2021/06/15-12:45:22.700950 7f7e533e81c0                        Options.max_write_batch_group_size_bytes: 1048576
2021/06/15-12:45:22.700950 7f7e533e81c0             Options.manifest_preallocation_size: 4194304
2021/06/15-12:45:22.700951 7f7e533e81c0                     Options.is_fd_close_on_exec: 1
2021/06/15-12:45:22.700952 7f7e533e81c0                   Options.advise_random_on_open: 1
2021/06/15-12:45:22.700952 7f7e533e81c0                    Options.db_write_buffer_size: 0
2021/06/15-12:45:22.700953 7f7e533e81c0                    Options.write_buffer_manager: 0x7f7e52e31240
2021/06/15-12:45:22.700953 7f7e533e81c0         Options.access_hint_on_compaction_start: 1
2021/06/15-12:45:22.700961 7f7e533e81c0  Options.new_table_reader_for_compaction_inputs: 0
2021/06/15-12:45:22.700962 7f7e533e81c0           Options.random_access_max_buffer_size: 1048576
2021/06/15-12:45:22.700963 7f7e533e81c0                      Options.use_adaptive_mutex: 0
2021/06/15-12:45:22.700963 7f7e533e81c0                            Options.rate_limiter: (nil)
2021/06/15-12:45:22.700964 7f7e533e81c0     Options.sst_file_manager.rate_bytes_per_sec: 0
2021/06/15-12:45:22.700965 7f7e533e81c0                       Options.wal_recovery_mode: 2
2021/06/15-12:45:22.700965 7f7e533e81c0                  Options.enable_thread_tracking: 0
2021/06/15-12:45:22.700966 7f7e533e81c0                  Options.enable_pipelined_write: 0
2021/06/15-12:45:22.700966 7f7e533e81c0                  Options.unordered_write: 0
2021/06/15-12:45:22.700967 7f7e533e81c0         Options.allow_concurrent_memtable_write: 1
2021/06/15-12:45:22.700968 7f7e533e81c0      Options.enable_write_thread_adaptive_yield: 1
2021/06/15-12:45:22.700969 7f7e533e81c0             Options.write_thread_max_yield_usec: 100
2021/06/15-12:45:22.700970 7f7e533e81c0            Options.write_thread_slow_yield_usec: 3
2021/06/15-12:45:22.700971 7f7e533e81c0                               Options.row_cache: None
2021/06/15-12:45:22.700973 7f7e533e81c0                              Options.wal_filter: None
2021/06/15-12:45:22.700974 7f7e533e81c0             Options.avoid_flush_during_recovery: 0
2021/06/15-12:45:22.700975 7f7e533e81c0             Options.allow_ingest_behind: 0
2021/06/15-12:45:22.700976 7f7e533e81c0             Options.preserve_deletes: 0
2021/06/15-12:45:22.700977 7f7e533e81c0             Options.two_write_queues: 0
2021/06/15-12:45:22.700978 7f7e533e81c0             Options.manual_wal_flush: 0
2021/06/15-12:45:22.700979 7f7e533e81c0             Options.atomic_flush: 0
2021/06/15-12:45:22.700980 7f7e533e81c0             Options.avoid_unnecessary_blocking_io: 0
2021/06/15-12:45:22.700980 7f7e533e81c0                 Options.persist_stats_to_disk: 0
2021/06/15-12:45:22.700981 7f7e533e81c0                 Options.write_dbid_to_manifest: 0
2021/06/15-12:45:22.700981 7f7e533e81c0                 Options.log_readahead_size: 0
2021/06/15-12:45:22.700982 7f7e533e81c0                 Options.file_checksum_gen_factory: Unknown
2021/06/15-12:45:22.700983 7f7e533e81c0                 Options.best_efforts_recovery: 0
2021/06/15-12:45:22.700983 7f7e533e81c0                Options.max_bgerror_resume_count: 2147483647
2021/06/15-12:45:22.700984 7f7e533e81c0            Options.bgerror_resume_retry_interval: 1000000
2021/06/15-12:45:22.700985 7f7e533e81c0             Options.max_background_jobs: 2
2021/06/15-12:45:22.700985 7f7e533e81c0             Options.max_background_compactions: -1
2021/06/15-12:45:22.700986 7f7e533e81c0             Options.max_subcompactions: 1
2021/06/15-12:45:22.700987 7f7e533e81c0             Options.avoid_flush_during_shutdown: 0
2021/06/15-12:45:22.700999 7f7e533e81c0           Options.writable_file_max_buffer_size: 1048576
2021/06/15-12:45:22.701000 7f7e533e81c0             Options.delayed_write_rate : 16777216
2021/06/15-12:45:22.701001 7f7e533e81c0             Options.max_total_wal_size: 0
2021/06/15-12:45:22.701001 7f7e533e81c0             Options.delete_obsolete_files_period_micros: 21600000000
2021/06/15-12:45:22.701002 7f7e533e81c0                   Options.stats_dump_period_sec: 600
2021/06/15-12:45:22.701002 7f7e533e81c0                 Options.stats_persist_period_sec: 600
2021/06/15-12:45:22.701003 7f7e533e81c0                 Options.stats_history_buffer_size: 1048576
2021/06/15-12:45:22.701004 7f7e533e81c0                          Options.max_open_files: -1
2021/06/15-12:45:22.701004 7f7e533e81c0                          Options.bytes_per_sync: 0
2021/06/15-12:45:22.701005 7f7e533e81c0                      Options.wal_bytes_per_sync: 0
2021/06/15-12:45:22.701005 7f7e533e81c0                   Options.strict_bytes_per_sync: 0
2021/06/15-12:45:22.701006 7f7e533e81c0       Options.compaction_readahead_size: 0
2021/06/15-12:45:22.701006 7f7e533e81c0                  Options.max_background_flushes: -1
2021/06/15-12:45:22.701011 7f7e533e81c0 Compression algorithms supported:
2021/06/15-12:45:22.701012 7f7e533e81c0 	kZSTDNotFinalCompression supported: 1
2021/06/15-12:45:22.701017 7f7e533e81c0 	kZSTD supported: 1
2021/06/15-12:45:22.701017 7f7e533e81c0 	kXpressCompression supported: 0
2021/06/15-12:45:22.701018 7f7e533e81c0 	kLZ4HCCompression supported: 1
2021/06/15-12:45:22.701019 7f7e533e81c0 	kLZ4Compression supported: 1
2021/06/15-12:45:22.701020 7f7e533e81c0 	kBZip2Compression supported: 1
2021/06/15-12:45:22.701036 7f7e533e81c0 	kZlibCompression supported: 1
2021/06/15-12:45:22.701038 7f7e533e81c0 	kSnappyCompression supported: 1
2021/06/15-12:45:22.701040 7f7e533e81c0 Fast CRC32 supported: Supported on x86
2021/06/15-12:45:22.701137 7f7e533e81c0 [db/version_set.cc:4559] Recovering from manifest file: /home/fer/Projects/pro/ic/ic-playground/.dfx/state/replicated_state/node-100/ic_consensus_pool/consensus/MANIFEST-000293
2021/06/15-12:45:22.701241 7f7e533e81c0 [db/column_family.cc:578] --------------- Options for column family [default]:
2021/06/15-12:45:22.701243 7f7e533e81c0               Options.comparator: leveldb.BytewiseComparator
2021/06/15-12:45:22.701244 7f7e533e81c0           Options.merge_operator: None
2021/06/15-12:45:22.701245 7f7e533e81c0        Options.compaction_filter: None
2021/06/15-12:45:22.701245 7f7e533e81c0        Options.compaction_filter_factory: None
2021/06/15-12:45:22.701246 7f7e533e81c0  Options.sst_partitioner_factory: None
2021/06/15-12:45:22.701247 7f7e533e81c0         Options.memtable_factory: SkipListFactory
2021/06/15-12:45:22.701248 7f7e533e81c0            Options.table_factory: BlockBasedTable
2021/06/15-12:45:22.701282 7f7e533e81c0            table_factory options:   flush_block_policy_factory: FlushBlockBySizePolicyFactory (0x7f7e52e341e0)
  cache_index_and_filter_blocks: 0
  cache_index_and_filter_blocks_with_high_priority: 1
  pin_l0_filter_and_index_blocks_in_cache: 0
  pin_top_level_index_and_filter: 1
  index_type: 0
  data_block_index_type: 0
  index_shortening: 1
  data_block_hash_table_util_ratio: 0.750000
  hash_index_allow_collision: 1
  checksum: 1
  no_block_cache: 0
  block_cache: 0x7f7e52e98610
  block_cache_name: LRUCache
  block_cache_options:
    capacity : 8388608
    num_shard_bits : 4
    strict_capacity_limit : 0
    memory_allocator : None
    high_pri_pool_ratio: 0.000
  block_cache_compressed: (nil)
  persistent_cache: (nil)
  block_size: 4096
  block_size_deviation: 10
  block_restart_interval: 16
  index_block_restart_interval: 1
  metadata_block_size: 4096
  partition_filters: 0
  use_delta_encoding: 1
  filter_policy: nullptr
  whole_key_filtering: 1
  verify_compression: 0
  read_amp_bytes_per_bit: 0
  format_version: 4
  enable_index_compression: 1
  block_align: 0
2021/06/15-12:45:22.701285 7f7e533e81c0        Options.write_buffer_size: 67108864
2021/06/15-12:45:22.701286 7f7e533e81c0  Options.max_write_buffer_number: 2
2021/06/15-12:45:22.701286 7f7e533e81c0          Options.compression: Snappy
2021/06/15-12:45:22.701287 7f7e533e81c0                  Options.bottommost_compression: Disabled
2021/06/15-12:45:22.701288 7f7e533e81c0       Options.prefix_extractor: nullptr
2021/06/15-12:45:22.701288 7f7e533e81c0   Options.memtable_insert_with_hint_prefix_extractor: nullptr
2021/06/15-12:45:22.701289 7f7e533e81c0             Options.num_levels: 7
2021/06/15-12:45:22.701289 7f7e533e81c0        Options.min_write_buffer_number_to_merge: 1
2021/06/15-12:45:22.701290 7f7e533e81c0     Options.max_write_buffer_number_to_maintain: 0
2021/06/15-12:45:22.701290 7f7e533e81c0     Options.max_write_buffer_size_to_maintain: 0
2021/06/15-12:45:22.701291 7f7e533e81c0            Options.bottommost_compression_opts.window_bits: -14
2021/06/15-12:45:22.701292 7f7e533e81c0                  Options.bottommost_compression_opts.level: 32767
2021/06/15-12:45:22.701292 7f7e533e81c0               Options.bottommost_compression_opts.strategy: 0
2021/06/15-12:45:22.701293 7f7e533e81c0         Options.bottommost_compression_opts.max_dict_bytes: 0
2021/06/15-12:45:22.701300 7f7e533e81c0         Options.bottommost_compression_opts.zstd_max_train_bytes: 0
2021/06/15-12:45:22.701301 7f7e533e81c0         Options.bottommost_compression_opts.parallel_threads: 1
2021/06/15-12:45:22.701301 7f7e533e81c0                  Options.bottommost_compression_opts.enabled: false
2021/06/15-12:45:22.701302 7f7e533e81c0            Options.compression_opts.window_bits: -14
2021/06/15-12:45:22.701303 7f7e533e81c0                  Options.compression_opts.level: 32767
2021/06/15-12:45:22.701303 7f7e533e81c0               Options.compression_opts.strategy: 0
2021/06/15-12:45:22.701304 7f7e533e81c0         Options.compression_opts.max_dict_bytes: 0
2021/06/15-12:45:22.701304 7f7e533e81c0         Options.compression_opts.zstd_max_train_bytes: 0
2021/06/15-12:45:22.701305 7f7e533e81c0         Options.compression_opts.parallel_threads: 1
2021/06/15-12:45:22.701305 7f7e533e81c0                  Options.compression_opts.enabled: false
2021/06/15-12:45:22.701306 7f7e533e81c0      Options.level0_file_num_compaction_trigger: 4
2021/06/15-12:45:22.701306 7f7e533e81c0          Options.level0_slowdown_writes_trigger: 20
2021/06/15-12:45:22.701307 7f7e533e81c0              Options.level0_stop_writes_trigger: 36
2021/06/15-12:45:22.701308 7f7e533e81c0                   Options.target_file_size_base: 67108864
2021/06/15-12:45:22.701308 7f7e533e81c0             Options.target_file_size_multiplier: 1
2021/06/15-12:45:22.701309 7f7e533e81c0                Options.max_bytes_for_level_base: 268435456
2021/06/15-12:45:22.701309 7f7e533e81c0 Options.level_compaction_dynamic_level_bytes: 0
2021/06/15-12:45:22.701310 7f7e533e81c0          Options.max_bytes_for_level_multiplier: 10.000000
2021/06/15-12:45:22.701312 7f7e533e81c0 Options.max_bytes_for_level_multiplier_addtl[0]: 1
2021/06/15-12:45:22.701313 7f7e533e81c0 Options.max_bytes_for_level_multiplier_addtl[1]: 1
2021/06/15-12:45:22.701314 7f7e533e81c0 Options.max_bytes_for_level_multiplier_addtl[2]: 1
2021/06/15-12:45:22.701315 7f7e533e81c0 Options.max_bytes_for_level_multiplier_addtl[3]: 1
2021/06/15-12:45:22.701316 7f7e533e81c0 Options.max_bytes_for_level_multiplier_addtl[4]: 1
2021/06/15-12:45:22.701317 7f7e533e81c0 Options.max_bytes_for_level_multiplier_addtl[5]: 1
2021/06/15-12:45:22.701318 7f7e533e81c0 Options.max_bytes_for_level_multiplier_addtl[6]: 1
2021/06/15-12:45:22.701320 7f7e533e81c0       Options.max_sequential_skip_in_iterations: 8
2021/06/15-12:45:22.701321 7f7e533e81c0                    Options.max_compaction_bytes: 1677721600
2021/06/15-12:45:22.701322 7f7e533e81c0                        Options.arena_block_size: 8388608
2021/06/15-12:45:22.701323 7f7e533e81c0   Options.soft_pending_compaction_bytes_limit: 68719476736
2021/06/15-12:45:22.701324 7f7e533e81c0   Options.hard_pending_compaction_bytes_limit: 274877906944
2021/06/15-12:45:22.701324 7f7e533e81c0       Options.rate_limit_delay_max_milliseconds: 100
2021/06/15-12:45:22.701325 7f7e533e81c0                Options.disable_auto_compactions: 0
2021/06/15-12:45:22.701326 7f7e533e81c0                        Options.compaction_style: kCompactionStyleLevel
2021/06/15-12:45:22.701327 7f7e533e81c0                          Options.compaction_pri: kMinOverlappingRatio
2021/06/15-12:45:22.701328 7f7e533e81c0 Options.compaction_options_universal.size_ratio: 1
2021/06/15-12:45:22.701328 7f7e533e81c0 Options.compaction_options_universal.min_merge_width: 2
2021/06/15-12:45:22.701329 7f7e533e81c0 Options.compaction_options_universal.max_merge_width: 4294967295
2021/06/15-12:45:22.701329 7f7e533e81c0 Options.compaction_options_universal.max_size_amplification_percent: 200
2021/06/15-12:45:22.701330 7f7e533e81c0 Options.compaction_options_universal.compression_size_percent: -1
2021/06/15-12:45:22.701331 7f7e533e81c0 Options.compaction_options_universal.stop_style: kCompactionStopStyleTotalSize
2021/06/15-12:45:22.701332 7f7e533e81c0 Options.compaction_options_fifo.max_table_files_size: 1073741824
2021/06/15-12:45:22.701333 7f7e533e81c0 Options.compaction_options_fifo.allow_compaction: 0
2021/06/15-12:45:22.701344 7f7e533e81c0                   Options.table_properties_collectors: 
2021/06/15-12:45:22.701345 7f7e533e81c0                   Options.inplace_update_support: 0
2021/06/15-12:45:22.701346 7f7e533e81c0                 Options.inplace_update_num_locks: 10000
2021/06/15-12:45:22.701346 7f7e533e81c0               Options.memtable_prefix_bloom_size_ratio: 0.000000
2021/06/15-12:45:22.701347 7f7e533e81c0               Options.memtable_whole_key_filtering: 0
2021/06/15-12:45:22.701348 7f7e533e81c0   Options.memtable_huge_page_size: 0
2021/06/15-12:45:22.701348 7f7e533e81c0                           Options.bloom_locality: 0
2021/06/15-12:45:22.701349 7f7e533e81c0                    Options.max_successive_merges: 0
2021/06/15-12:45:22.701350 7f7e533e81c0                Options.optimize_filters_for_hits: 0
2021/06/15-12:45:22.701350 7f7e533e81c0                Options.paranoid_file_checks: 0
2021/06/15-12:45:22.701351 7f7e533e81c0                Options.force_consistency_checks: 0
2021/06/15-12:45:22.701351 7f7e533e81c0                Options.report_bg_io_stats: 0
2021/06/15-12:45:22.701352 7f7e533e81c0                               Options.ttl: 2592000
2021/06/15-12:45:22.701352 7f7e533e81c0          Options.periodic_compaction_seconds: 0
2021/06/15-12:45:22.701391 7f7e533e81c0 [db/column_family.cc:578] --------------- Options for column family [RB]:
2021/06/15-12:45:22.701392 7f7e533e81c0               Options.comparator: leveldb.BytewiseComparator
2021/06/15-12:45:22.701393 7f7e533e81c0           Options.merge_operator: None
2021/06/15-12:45:22.701395 7f7e533e81c0        Options.compaction_filter: filter_outdated
2021/06/15-12:45:22.701396 7f7e533e81c0        Options.compaction_filter_factory: None
2021/06/15-12:45:22.701397 7f7e533e81c0  Options.sst_partitioner_factory: None
2021/06/15-12:45:22.701398 7f7e533e81c0         Options.memtable_factory: SkipListFactory
2021/06/15-12:45:22.701399 7f7e533e81c0            Options.table_factory: BlockBasedTable
2021/06/15-12:45:22.701411 7f7e533e81c0            table_factory options:   flush_block_policy_factory: FlushBlockBySizePolicyFactory (0x7f7e52e340b8)
  cache_index_and_filter_blocks: 0
  cache_index_and_filter_blocks_with_high_priority: 1
  pin_l0_filter_and_index_blocks_in_cache: 0
  pin_top_level_index_and_filter: 1
  index_type: 0
  data_block_index_type: 0
  index_shortening: 1
  data_block_hash_table_util_ratio: 0.750000
  hash_index_allow_collision: 1
  checksum: 1
  no_block_cache: 0
  block_cache: 0x7f7e52e36010
  block_cache_name: LRUCache
  block_cache_options:
    capacity : 8388608
    num_shard_bits : 4
    strict_capacity_limit : 0
    memory_allocator : None
    high_pri_pool_ratio: 0.000
  block_cache_compressed: (nil)
  persistent_cache: (nil)
  block_size: 4096
  block_size_deviation: 10
  block_restart_interval: 16
  index_block_restart_interval: 1
  metadata_block_size: 4096
  partition_filters: 0
  use_delta_encoding: 1
  filter_policy: nullptr
  whole_key_filtering: 1
  verify_compression: 0
  read_amp_bytes_per_bit: 0
  format_version: 4
  enable_index_compression: 1
  block_align: 0
2021/06/15-12:45:22.701415 7f7e533e81c0        Options.write_buffer_size: 67108864
2021/06/15-12:45:22.701417 7f7e533e81c0  Options.max_write_buffer_number: 2
2021/06/15-12:45:22.701418 7f7e533e81c0          Options.compression: NoCompression
2021/06/15-12:45:22.701419 7f7e533e81c0                  Options.bottommost_compression: Disabled
2021/06/15-12:45:22.701420 7f7e533e81c0       Options.prefix_extractor: nullptr
2021/06/15-12:45:22.701422 7f7e533e81c0   Options.memtable_insert_with_hint_prefix_extractor: nullptr
2021/06/15-12:45:22.701423 7f7e533e81c0             Options.num_levels: 7
2021/06/15-12:45:22.701423 7f7e533e81c0        Options.min_write_buffer_number_to_merge: 1
2021/06/15-12:45:22.701424 7f7e533e81c0     Options.max_write_buffer_number_to_maintain: 0
2021/06/15-12:45:22.701424 7f7e533e81c0     Options.max_write_buffer_size_to_maintain: 0
2021/06/15-12:45:22.701425 7f7e533e81c0            Options.bottommost_compression_opts.window_bits: -14
2021/06/15-12:45:22.701431 7f7e533e81c0                  Options.bottommost_compression_opts.level: 32767
2021/06/15-12:45:22.701432 7f7e533e81c0               Options.bottommost_compression_opts.strategy: 0
2021/06/15-12:45:22.701433 7f7e533e81c0         Options.bottommost_compression_opts.max_dict_bytes: 0
2021/06/15-12:45:22.701433 7f7e533e81c0         Options.bottommost_compression_opts.zstd_max_train_bytes: 0
2021/06/15-12:45:22.701434 7f7e533e81c0         Options.bottommost_compression_opts.parallel_threads: 1
2021/06/15-12:45:22.701434 7f7e533e81c0                  Options.bottommost_compression_opts.enabled: false
2021/06/15-12:45:22.701435 7f7e533e81c0            Options.compression_opts.window_bits: -14
2021/06/15-12:45:22.701435 7f7e533e81c0                  Options.compression_opts.level: 32767
2021/06/15-12:45:22.701436 7f7e533e81c0               Options.compression_opts.strategy: 0
2021/06/15-12:45:22.701437 7f7e533e81c0         Options.compression_opts.max_dict_bytes: 0
2021/06/15-12:45:22.701437 7f7e533e81c0         Options.compression_opts.zstd_max_train_bytes: 0
2021/06/15-12:45:22.701438 7f7e533e81c0         Options.compression_opts.parallel_threads: 1
2021/06/15-12:45:22.701438 7f7e533e81c0                  Options.compression_opts.enabled: false
2021/06/15-12:45:22.701439 7f7e533e81c0      Options.level0_file_num_compaction_trigger: 4
2021/06/15-12:45:22.701439 7f7e533e81c0          Options.level0_slowdown_writes_trigger: 20
2021/06/15-12:45:22.701440 7f7e533e81c0              Options.level0_stop_writes_trigger: 36
2021/06/15-12:45:22.701440 7f7e533e81c0                   Options.target_file_size_base: 67108864
2021/06/15-12:45:22.701441 7f7e533e81c0             Options.target_file_size_multiplier: 1
2021/06/15-12:45:22.701442 7f7e533e81c0                Options.max_bytes_for_level_base: 268435456
2021/06/15-12:45:22.701442 7f7e533e81c0 Options.level_compaction_dynamic_level_bytes: 0
2021/06/15-12:45:22.701443 7f7e533e81c0          Options.max_bytes_for_level_multiplier: 10.000000
2021/06/15-12:45:22.701444 7f7e533e81c0 Options.max_bytes_for_level_multiplier_addtl[0]: 1
2021/06/15-12:45:22.701445 7f7e533e81c0 Options.max_bytes_for_level_multiplier_addtl[1]: 1
2021/06/15-12:45:22.701445 7f7e533e81c0 Options.max_bytes_for_level_multiplier_addtl[2]: 1
2021/06/15-12:45:22.701446 7f7e533e81c0 Options.max_bytes_for_level_multiplier_addtl[3]: 1
2021/06/15-12:45:22.701446 7f7e533e81c0 Options.max_bytes_for_level_multiplier_addtl[4]: 1
2021/06/15-12:45:22.701447 7f7e533e81c0 Options.max_bytes_for_level_multiplier_addtl[5]: 1
2021/06/15-12:45:22.701447 7f7e533e81c0 Options.max_bytes_for_level_multiplier_addtl[6]: 1
2021/06/15-12:45:22.701448 7f7e533e81c0       Options.max_sequential_skip_in_iterations: 8
2021/06/15-12:45:22.701448 7f7e533e81c0                    Options.max_compaction_bytes: 1677721600
2021/06/15-12:45:22.701449 7f7e533e81c0                        Options.arena_block_size: 8388608
2021/06/15-12:45:22.701450 7f7e533e81c0   Options.soft_pending_compaction_bytes_limit: 68719476736
2021/06/15-12:45:22.701450 7f7e533e81c0   Options.hard_pending_compaction_bytes_limit: 274877906944
2021/06/15-12:45:22.701451 7f7e533e81c0       Options.rate_limit_delay_max_milliseconds: 100
2021/06/15-12:45:22.701451 7f7e533e81c0                Options.disable_auto_compactions: 1
2021/06/15-12:45:22.701452 7f7e533e81c0                        Options.compaction_style: kCompactionStyleLevel
2021/06/15-12:45:22.701453 7f7e533e81c0                          Options.compaction_pri: kMinOverlappingRatio
2021/06/15-12:45:22.701453 7f7e533e81c0 Options.compaction_options_universal.size_ratio: 1
2021/06/15-12:45:22.701454 7f7e533e81c0 Options.compaction_options_universal.min_merge_width: 2
2021/06/15-12:45:22.701454 7f7e533e81c0 Options.compaction_options_universal.max_merge_width: 4294967295
2021/06/15-12:45:22.701455 7f7e533e81c0 Options.compaction_options_universal.max_size_amplification_percent: 200
2021/06/15-12:45:22.701456 7f7e533e81c0 Options.compaction_options_universal.compression_size_percent: -1
2021/06/15-12:45:22.701459 7f7e533e81c0 Options.compaction_options_universal.stop_style: kCompactionStopStyleTotalSize
2021/06/15-12:45:22.701460 7f7e533e81c0 Options.compaction_options_fifo.max_table_files_size: 1073741824
2021/06/15-12:45:22.701460 7f7e533e81c0 Options.compaction_options_fifo.allow_compaction: 0
2021/06/15-12:45:22.701462 7f7e533e81c0                   Options.table_properties_collectors: 
2021/06/15-12:45:22.701462 7f7e533e81c0                   Options.inplace_update_support: 0
2021/06/15-12:45:22.701463 7f7e533e81c0                 Options.inplace_update_num_locks: 10000
2021/06/15-12:45:22.701463 7f7e533e81c0               Options.memtable_prefix_bloom_size_ratio: 0.000000
2021/06/15-12:45:22.701464 7f7e533e81c0               Options.memtable_whole_key_filtering: 0
2021/06/15-12:45:22.701465 7f7e533e81c0   Options.memtable_huge_page_size: 0
2021/06/15-12:45:22.701465 7f7e533e81c0                           Options.bloom_locality: 0
2021/06/15-12:45:22.701466 7f7e533e81c0                    Options.max_successive_merges: 0
2021/06/15-12:45:22.701466 7f7e533e81c0                Options.optimize_filters_for_hits: 0
2021/06/15-12:45:22.701467 7f7e533e81c0                Options.paranoid_file_checks: 0
2021/06/15-12:45:22.701467 7f7e533e81c0                Options.force_consistency_checks: 0
2021/06/15-12:45:22.701468 7f7e533e81c0                Options.report_bg_io_stats: 0
2021/06/15-12:45:22.701469 7f7e533e81c0                               Options.ttl: 2592000
2021/06/15-12:45:22.701469 7f7e533e81c0          Options.periodic_compaction_seconds: 2592000
2021/06/15-12:45:22.701496 7f7e533e81c0 [db/column_family.cc:578] --------------- Options for column family [FZ]:
2021/06/15-12:45:22.701498 7f7e533e81c0               Options.comparator: leveldb.BytewiseComparator
2021/06/15-12:45:22.701499 7f7e533e81c0           Options.merge_operator: None
2021/06/15-12:45:22.701501 7f7e533e81c0        Options.compaction_filter: filter_outdated
2021/06/15-12:45:22.701502 7f7e533e81c0        Options.compaction_filter_factory: None
2021/06/15-12:45:22.701502 7f7e533e81c0  Options.sst_partitioner_factory: None
2021/06/15-12:45:22.701503 7f7e533e81c0         Options.memtable_factory: SkipListFactory
2021/06/15-12:45:22.701503 7f7e533e81c0            Options.table_factory: BlockBasedTable
2021/06/15-12:45:22.701512 7f7e533e81c0            table_factory options:   flush_block_policy_factory: FlushBlockBySizePolicyFactory (0x7f7e52e340d0)
  cache_index_and_filter_blocks: 0
  cache_index_and_filter_blocks_with_high_priority: 1
  pin_l0_filter_and_index_blocks_in_cache: 0
  pin_top_level_index_and_filter: 1
  index_type: 0
  data_block_index_type: 0
  index_shortening: 1
  data_block_hash_table_util_ratio: 0.750000
  hash_index_allow_collision: 1
  checksum: 1
  no_block_cache: 0
  block_cache: 0x7f7e52e36890
  block_cache_name: LRUCache
  block_cache_options:
    capacity : 8388608
    num_shard_bits : 4
    strict_capacity_limit : 0
    memory_allocator : None
    high_pri_pool_ratio: 0.000
  block_cache_compressed: (nil)
  persistent_cache: (nil)
  block_size: 4096
  block_size_deviation: 10
  block_restart_interval: 16
  index_block_restart_interval: 1
  metadata_block_size: 4096
  partition_filters: 0
  use_delta_encoding: 1
  filter_policy: nullptr
  whole_key_filtering: 1
  verify_compression: 0
  read_amp_bytes_per_bit: 0
  format_version: 4
  enable_index_compression: 1
  block_align: 0
2021/06/15-12:45:22.701515 7f7e533e81c0        Options.write_buffer_size: 67108864
2021/06/15-12:45:22.701516 7f7e533e81c0  Options.max_write_buffer_number: 2
2021/06/15-12:45:22.701517 7f7e533e81c0          Options.compression: NoCompression
2021/06/15-12:45:22.701517 7f7e533e81c0                  Options.bottommost_compression: Disabled
2021/06/15-12:45:22.701518 7f7e533e81c0       Options.prefix_extractor: nullptr
2021/06/15-12:45:22.701518 7f7e533e81c0   Options.memtable_insert_with_hint_prefix_extractor: nullptr
2021/06/15-12:45:22.701519 7f7e533e81c0             Options.num_levels: 7
2021/06/15-12:45:22.701519 7f7e533e81c0        Options.min_write_buffer_number_to_merge: 1
2021/06/15-12:45:22.701530 7f7e533e81c0     Options.max_write_buffer_number_to_maintain: 0
2021/06/15-12:45:22.701531 7f7e533e81c0     Options.max_write_buffer_size_to_maintain: 0
2021/06/15-12:45:22.701532 7f7e533e81c0            Options.bottommost_compression_opts.window_bits: -14
2021/06/15-12:45:22.701532 7f7e533e81c0                  Options.bottommost_compression_opts.level: 32767
2021/06/15-12:45:22.701533 7f7e533e81c0               Options.bottommost_compression_opts.strategy: 0
2021/06/15-12:45:22.701533 7f7e533e81c0         Options.bottommost_compression_opts.max_dict_bytes: 0
2021/06/15-12:45:22.701534 7f7e533e81c0         Options.bottommost_compression_opts.zstd_max_train_bytes: 0
2021/06/15-12:45:22.701534 7f7e533e81c0         Options.bottommost_compression_opts.parallel_threads: 1
2021/06/15-12:45:22.701535 7f7e533e81c0                  Options.bottommost_compression_opts.enabled: false
2021/06/15-12:45:22.701535 7f7e533e81c0            Options.compression_opts.window_bits: -14
2021/06/15-12:45:22.701536 7f7e533e81c0                  Options.compression_opts.level: 32767
2021/06/15-12:45:22.701537 7f7e533e81c0               Options.compression_opts.strategy: 0
2021/06/15-12:45:22.701537 7f7e533e81c0         Options.compression_opts.max_dict_bytes: 0
2021/06/15-12:45:22.701538 7f7e533e81c0         Options.compression_opts.zstd_max_train_bytes: 0
2021/06/15-12:45:22.701538 7f7e533e81c0         Options.compression_opts.parallel_threads: 1
2021/06/15-12:45:22.701539 7f7e533e81c0                  Options.compression_opts.enabled: false
2021/06/15-12:45:22.701539 7f7e533e81c0      Options.level0_file_num_compaction_trigger: 4
2021/06/15-12:45:22.701540 7f7e533e81c0          Options.level0_slowdown_writes_trigger: 20
2021/06/15-12:45:22.701540 7f7e533e81c0              Options.level0_stop_writes_trigger: 36
2021/06/15-12:45:22.701541 7f7e533e81c0                   Options.target_file_size_base: 67108864
2021/06/15-12:45:22.701541 7f7e533e81c0             Options.target_file_size_multiplier: 1
2021/06/15-12:45:22.701542 7f7e533e81c0                Options.max_bytes_for_level_base: 268435456
2021/06/15-12:45:22.701543 7f7e533e81c0 Options.level_compaction_dynamic_level_bytes: 0
2021/06/15-12:45:22.701543 7f7e533e81c0          Options.max_bytes_for_level_multiplier: 10.000000
2021/06/15-12:45:22.701544 7f7e533e81c0 Options.max_bytes_for_level_multiplier_addtl[0]: 1
2021/06/15-12:45:22.701545 7f7e533e81c0 Options.max_bytes_for_level_multiplier_addtl[1]: 1
2021/06/15-12:45:22.701545 7f7e533e81c0 Options.max_bytes_for_level_multiplier_addtl[2]: 1
2021/06/15-12:45:22.701546 7f7e533e81c0 Options.max_bytes_for_level_multiplier_addtl[3]: 1
2021/06/15-12:45:22.701547 7f7e533e81c0 Options.max_bytes_for_level_multiplier_addtl[4]: 1
2021/06/15-12:45:22.701547 7f7e533e81c0 Options.max_bytes_for_level_multiplier_addtl[5]: 1
2021/06/15-12:45:22.701548 7f7e533e81c0 Options.max_bytes_for_level_multiplier_addtl[6]: 1
2021/06/15-12:45:22.701548 7f7e533e81c0       Options.max_sequential_skip_in_iterations: 8
2021/06/15-12:45:22.701549 7f7e533e81c0                    Options.max_compaction_bytes: 1677721600
2021/06/15-12:45:22.701549 7f7e533e81c0                        Options.arena_block_size: 8388608
2021/06/15-12:45:22.701550 7f7e533e81c0   Options.soft_pending_compaction_bytes_limit: 68719476736
2021/06/15-12:45:22.701551 7f7e533e81c0   Options.hard_pending_compaction_bytes_limit: 274877906944
2021/06/15-12:45:22.701552 7f7e533e81c0       Options.rate_limit_delay_max_milliseconds: 100
2021/06/15-12:45:22.701554 7f7e533e81c0                Options.disable_auto_compactions: 1
2021/06/15-12:45:22.701555 7f7e533e81c0                        Options.compaction_style: kCompactionStyleLevel
2021/06/15-12:45:22.701556 7f7e533e81c0                          Options.compaction_pri: kMinOverlappingRatio
2021/06/15-12:45:22.701557 7f7e533e81c0 Options.compaction_options_universal.size_ratio: 1
2021/06/15-12:45:22.701558 7f7e533e81c0 Options.compaction_options_universal.min_merge_width: 2
2021/06/15-12:45:22.701563 7f7e533e81c0 Options.compaction_options_universal.max_merge_width: 4294967295
2021/06/15-12:45:22.701564 7f7e533e81c0 Options.compaction_options_universal.max_size_amplification_percent: 200
2021/06/15-12:45:22.701565 7f7e533e81c0 Options.compaction_options_universal.compression_size_percent: -1
2021/06/15-12:45:22.701565 7f7e533e81c0 Options.compaction_options_universal.stop_style: kCompactionStopStyleTotalSize
2021/06/15-12:45:22.701566 7f7e533e81c0 Options.compaction_options_fifo.max_table_files_size: 1073741824
2021/06/15-12:45:22.701566 7f7e533e81c0 Options.compaction_options_fifo.allow_compaction: 0
2021/06/15-12:45:22.701568 7f7e533e81c0                   Options.table_properties_collectors: 
2021/06/15-12:45:22.701568 7f7e533e81c0                   Options.inplace_update_support: 0
2021/06/15-12:45:22.701569 7f7e533e81c0                 Options.inplace_update_num_locks: 10000
2021/06/15-12:45:22.701569 7f7e533e81c0               Options.memtable_prefix_bloom_size_ratio: 0.000000
2021/06/15-12:45:22.701570 7f7e533e81c0               Options.memtable_whole_key_filtering: 0
2021/06/15-12:45:22.701571 7f7e533e81c0   Options.memtable_huge_page_size: 0
2021/06/15-12:45:22.701571 7f7e533e81c0                           Options.bloom_locality: 0
2021/06/15-12:45:22.701572 7f7e533e81c0                    Options.max_successive_merges: 0
2021/06/15-12:45:22.701572 7f7e533e81c0                Options.optimize_filters_for_hits: 0
2021/06/15-12:45:22.701573 7f7e533e81c0                Options.paranoid_file_checks: 0
2021/06/15-12:45:22.701573 7f7e533e81c0                Options.force_consistency_checks: 0
2021/06/15-12:45:22.701574 7f7e533e81c0                Options.report_bg_io_stats: 0
2021/06/15-12:45:22.701574 7f7e533e81c0                               Options.ttl: 2592000
2021/06/15-12:45:22.701575 7f7e533e81c0          Options.periodic_compaction_seconds: 2592000
2021/06/15-12:45:22.701592 7f7e533e81c0 [db/column_family.cc:578] --------------- Options for column family [NZ]:
2021/06/15-12:45:22.701593 7f7e533e81c0               Options.comparator: leveldb.BytewiseComparator
2021/06/15-12:45:22.701594 7f7e533e81c0           Options.merge_operator: None
2021/06/15-12:45:22.701594 7f7e533e81c0        Options.compaction_filter: filter_outdated
2021/06/15-12:45:22.701595 7f7e533e81c0        Options.compaction_filter_factory: None
2021/06/15-12:45:22.701596 7f7e533e81c0  Options.sst_partitioner_factory: None
2021/06/15-12:45:22.701596 7f7e533e81c0         Options.memtable_factory: SkipListFactory
2021/06/15-12:45:22.701597 7f7e533e81c0            Options.table_factory: BlockBasedTable
2021/06/15-12:45:22.701605 7f7e533e81c0            table_factory options:   flush_block_policy_factory: FlushBlockBySizePolicyFactory (0x7f7e52e340e8)
  cache_index_and_filter_blocks: 0
  cache_index_and_filter_blocks_with_high_priority: 1
  pin_l0_filter_and_index_blocks_in_cache: 0
  pin_top_level_index_and_filter: 1
  index_type: 0
  data_block_index_type: 0
  index_shortening: 1
  data_block_hash_table_util_ratio: 0.750000
  hash_index_allow_collision: 1
  checksum: 1
  no_block_cache: 0
  block_cache: 0x7f7e52e45110
  block_cache_name: LRUCache
  block_cache_options:
    capacity : 8388608
    num_shard_bits : 4
    strict_capacity_limit : 0
    memory_allocator : None
    high_pri_pool_ratio: 0.000
  block_cache_compressed: (nil)
  persistent_cache: (nil)
  block_size: 4096
  block_size_deviation: 10
  block_restart_interval: 16
  index_block_restart_interval: 1
  metadata_block_size: 4096
  partition_filters: 0
  use_delta_encoding: 1
  filter_policy: nullptr
  whole_key_filtering: 1
  verify_compression: 0
  read_amp_bytes_per_bit: 0
  format_version: 4
  enable_index_compression: 1
  block_align: 0
2021/06/15-12:45:22.701607 7f7e533e81c0        Options.write_buffer_size: 67108864
2021/06/15-12:45:22.701607 7f7e533e81c0  Options.max_write_buffer_number: 2
2021/06/15-12:45:22.701608 7f7e533e81c0          Options.compression: NoCompression
2021/06/15-12:45:22.701609 7f7e533e81c0                  Options.bottommost_compression: Disabled
2021/06/15-12:45:22.701614 7f7e533e81c0       Options.prefix_extractor: nullptr
2021/06/15-12:45:22.701615 7f7e533e81c0   Options.memtable_insert_with_hint_prefix_extractor: nullptr
2021/06/15-12:45:22.701615 7f7e533e81c0             Options.num_levels: 7
2021/06/15-12:45:22.701616 7f7e533e81c0        Options.min_write_buffer_number_to_merge: 1
2021/06/15-12:45:22.701616 7f7e533e81c0     Options.max_write_buffer_number_to_maintain: 0
2021/06/15-12:45:22.701617 7f7e533e81c0     Options.max_write_buffer_size_to_maintain: 0
2021/06/15-12:45:22.701617 7f7e533e81c0            Options.bottommost_compression_opts.window_bits: -14
2021/06/15-12:45:22.701618 7f7e533e81c0                  Options.bottommost_compression_opts.level: 32767
2021/06/15-12:45:22.701619 7f7e533e81c0               Options.bottommost_compression_opts.strategy: 0
2021/06/15-12:45:22.701619 7f7e533e81c0         Options.bottommost_compression_opts.max_dict_bytes: 0
2021/06/15-12:45:22.701620 7f7e533e81c0         Options.bottommost_compression_opts.zstd_max_train_bytes: 0
2021/06/15-12:45:22.701620 7f7e533e81c0         Options.bottommost_compression_opts.parallel_threads: 1
2021/06/15-12:45:22.701621 7f7e533e81c0                  Options.bottommost_compression_opts.enabled: false
2021/06/15-12:45:22.701621 7f7e533e81c0            Options.compression_opts.window_bits: -14
2021/06/15-12:45:22.701622 7f7e533e81c0                  Options.compression_opts.level: 32767
2021/06/15-12:45:22.701622 7f7e533e81c0               Options.compression_opts.strategy: 0
2021/06/15-12:45:22.701623 7f7e533e81c0         Options.compression_opts.max_dict_bytes: 0
2021/06/15-12:45:22.701624 7f7e533e81c0         Options.compression_opts.zstd_max_train_bytes: 0
2021/06/15-12:45:22.701624 7f7e533e81c0         Options.compression_opts.parallel_threads: 1
2021/06/15-12:45:22.701625 7f7e533e81c0                  Options.compression_opts.enabled: false
2021/06/15-12:45:22.701625 7f7e533e81c0      Options.level0_file_num_compaction_trigger: 4
2021/06/15-12:45:22.701626 7f7e533e81c0          Options.level0_slowdown_writes_trigger: 20
2021/06/15-12:45:22.701626 7f7e533e81c0              Options.level0_stop_writes_trigger: 36
2021/06/15-12:45:22.701627 7f7e533e81c0                   Options.target_file_size_base: 67108864
2021/06/15-12:45:22.701627 7f7e533e81c0             Options.target_file_size_multiplier: 1
2021/06/15-12:45:22.701628 7f7e533e81c0                Options.max_bytes_for_level_base: 268435456
2021/06/15-12:45:22.701628 7f7e533e81c0 Options.level_compaction_dynamic_level_bytes: 0
2021/06/15-12:45:22.701629 7f7e533e81c0          Options.max_bytes_for_level_multiplier: 10.000000
2021/06/15-12:45:22.701630 7f7e533e81c0 Options.max_bytes_for_level_multiplier_addtl[0]: 1
2021/06/15-12:45:22.701631 7f7e533e81c0 Options.max_bytes_for_level_multiplier_addtl[1]: 1
2021/06/15-12:45:22.701631 7f7e533e81c0 Options.max_bytes_for_level_multiplier_addtl[2]: 1
2021/06/15-12:45:22.701632 7f7e533e81c0 Options.max_bytes_for_level_multiplier_addtl[3]: 1
