2021/06/15-12:45:23.292757 7f7e533e81c0 RocksDB version: 6.12.7
2021/06/15-12:45:23.292780 7f7e533e81c0 Git sha rocksdb_build_git_sha:@0@
2021/06/15-12:45:23.292782 7f7e533e81c0 Compile date Jan  1 1980
2021/06/15-12:45:23.292824 7f7e533e81c0 DB SUMMARY
2021/06/15-12:45:23.292825 7f7e533e81c0 DB Session ID:  TQY9VVSMN91T852FSIJY
2021/06/15-12:45:23.292855 7f7e533e81c0 CURRENT file:  CURRENT
2021/06/15-12:45:23.292856 7f7e533e81c0 IDENTITY file:  IDENTITY
2021/06/15-12:45:23.292859 7f7e533e81c0 MANIFEST file:  MANIFEST-000086 size: 1087 Bytes
2021/06/15-12:45:23.292860 7f7e533e81c0 SST files in /home/fer/Projects/pro/ic/ic-playground/.dfx/state/replicated_state/node-100/ic_consensus_pool/certification dir, Total Num: 2, files: 000090.sst 000091.sst 
2021/06/15-12:45:23.292861 7f7e533e81c0 Write Ahead Log file in /home/fer/Projects/pro/ic/ic-playground/.dfx/state/replicated_state/node-100/ic_consensus_pool/certification: 000087.log size: 61351 ; 
2021/06/15-12:45:23.292862 7f7e533e81c0                         Options.error_if_exists: 0
2021/06/15-12:45:23.292863 7f7e533e81c0                       Options.create_if_missing: 1
2021/06/15-12:45:23.292863 7f7e533e81c0                         Options.paranoid_checks: 1
2021/06/15-12:45:23.292864 7f7e533e81c0                                     Options.env: 0x557e1747eba0
2021/06/15-12:45:23.292865 7f7e533e81c0                                      Options.fs: Posix File System
2021/06/15-12:45:23.292866 7f7e533e81c0                                Options.info_log: 0x7f7e4eacdb20
2021/06/15-12:45:23.292866 7f7e533e81c0                Options.max_file_opening_threads: 16
2021/06/15-12:45:23.292867 7f7e533e81c0                              Options.statistics: (nil)
2021/06/15-12:45:23.292868 7f7e533e81c0                               Options.use_fsync: 1
2021/06/15-12:45:23.292868 7f7e533e81c0                       Options.max_log_file_size: 0
2021/06/15-12:45:23.292869 7f7e533e81c0                  Options.max_manifest_file_size: 1073741824
2021/06/15-12:45:23.292870 7f7e533e81c0                   Options.log_file_time_to_roll: 0
2021/06/15-12:45:23.292870 7f7e533e81c0                       Options.keep_log_file_num: 1000
2021/06/15-12:45:23.292871 7f7e533e81c0                    Options.recycle_log_file_num: 0
2021/06/15-12:45:23.292871 7f7e533e81c0                         Options.allow_fallocate: 1
2021/06/15-12:45:23.292872 7f7e533e81c0                        Options.allow_mmap_reads: 0
2021/06/15-12:45:23.292873 7f7e533e81c0                       Options.allow_mmap_writes: 0
2021/06/15-12:45:23.292873 7f7e533e81c0                        Options.use_direct_reads: 0
2021/06/15-12:45:23.292874 7f7e533e81c0                        Options.use_direct_io_for_flush_and_compaction: 0
2021/06/15-12:45:23.292874 7f7e533e81c0          Options.create_missing_column_families: 1
2021/06/15-12:45:23.292875 7f7e533e81c0                              Options.db_log_dir: 
2021/06/15-12:45:23.292875 7f7e533e81c0                                 Options.wal_dir: /home/fer/Projects/pro/ic/ic-playground/.dfx/state/replicated_state/node-100/ic_consensus_pool/certification
2021/06/15-12:45:23.292876 7f7e533e81c0                Options.table_cache_numshardbits: 6
2021/06/15-12:45:23.292876 7f7e533e81c0                         Options.WAL_ttl_seconds: 0
2021/06/15-12:45:23.292877 7f7e533e81c0                       Options.WAL_size_limit_MB: 0
2021/06/15-12:45:23.292878 7f7e533e81c0                        Options.max_write_batch_group_size_bytes: 1048576
2021/06/15-12:45:23.292878 7f7e533e81c0             Options.manifest_preallocation_size: 4194304
2021/06/15-12:45:23.292879 7f7e533e81c0                     Options.is_fd_close_on_exec: 1
2021/06/15-12:45:23.292879 7f7e533e81c0                   Options.advise_random_on_open: 1
2021/06/15-12:45:23.292880 7f7e533e81c0                    Options.db_write_buffer_size: 0
2021/06/15-12:45:23.292880 7f7e533e81c0                    Options.write_buffer_manager: 0x7f7e4ea57b70
2021/06/15-12:45:23.292881 7f7e533e81c0         Options.access_hint_on_compaction_start: 1
2021/06/15-12:45:23.292881 7f7e533e81c0  Options.new_table_reader_for_compaction_inputs: 0
2021/06/15-12:45:23.292889 7f7e533e81c0           Options.random_access_max_buffer_size: 1048576
2021/06/15-12:45:23.292890 7f7e533e81c0                      Options.use_adaptive_mutex: 0
2021/06/15-12:45:23.292890 7f7e533e81c0                            Options.rate_limiter: (nil)
2021/06/15-12:45:23.292891 7f7e533e81c0     Options.sst_file_manager.rate_bytes_per_sec: 0
2021/06/15-12:45:23.292892 7f7e533e81c0                       Options.wal_recovery_mode: 2
2021/06/15-12:45:23.292892 7f7e533e81c0                  Options.enable_thread_tracking: 0
2021/06/15-12:45:23.292893 7f7e533e81c0                  Options.enable_pipelined_write: 0
2021/06/15-12:45:23.292893 7f7e533e81c0                  Options.unordered_write: 0
2021/06/15-12:45:23.292894 7f7e533e81c0         Options.allow_concurrent_memtable_write: 1
2021/06/15-12:45:23.292894 7f7e533e81c0      Options.enable_write_thread_adaptive_yield: 1
2021/06/15-12:45:23.292895 7f7e533e81c0             Options.write_thread_max_yield_usec: 100
2021/06/15-12:45:23.292895 7f7e533e81c0            Options.write_thread_slow_yield_usec: 3
2021/06/15-12:45:23.292896 7f7e533e81c0                               Options.row_cache: None
2021/06/15-12:45:23.292897 7f7e533e81c0                              Options.wal_filter: None
2021/06/15-12:45:23.292897 7f7e533e81c0             Options.avoid_flush_during_recovery: 0
2021/06/15-12:45:23.292898 7f7e533e81c0             Options.allow_ingest_behind: 0
2021/06/15-12:45:23.292898 7f7e533e81c0             Options.preserve_deletes: 0
2021/06/15-12:45:23.292899 7f7e533e81c0             Options.two_write_queues: 0
2021/06/15-12:45:23.292899 7f7e533e81c0             Options.manual_wal_flush: 0
2021/06/15-12:45:23.292900 7f7e533e81c0             Options.atomic_flush: 0
2021/06/15-12:45:23.292901 7f7e533e81c0             Options.avoid_unnecessary_blocking_io: 0
2021/06/15-12:45:23.292901 7f7e533e81c0                 Options.persist_stats_to_disk: 0
2021/06/15-12:45:23.292902 7f7e533e81c0                 Options.write_dbid_to_manifest: 0
2021/06/15-12:45:23.292902 7f7e533e81c0                 Options.log_readahead_size: 0
2021/06/15-12:45:23.292903 7f7e533e81c0                 Options.file_checksum_gen_factory: Unknown
2021/06/15-12:45:23.292903 7f7e533e81c0                 Options.best_efforts_recovery: 0
2021/06/15-12:45:23.292904 7f7e533e81c0                Options.max_bgerror_resume_count: 2147483647
2021/06/15-12:45:23.292905 7f7e533e81c0            Options.bgerror_resume_retry_interval: 1000000
2021/06/15-12:45:23.292905 7f7e533e81c0             Options.max_background_jobs: 2
2021/06/15-12:45:23.292906 7f7e533e81c0             Options.max_background_compactions: -1
2021/06/15-12:45:23.292906 7f7e533e81c0             Options.max_subcompactions: 1
2021/06/15-12:45:23.292907 7f7e533e81c0             Options.avoid_flush_during_shutdown: 0
2021/06/15-12:45:23.292907 7f7e533e81c0           Options.writable_file_max_buffer_size: 1048576
2021/06/15-12:45:23.292908 7f7e533e81c0             Options.delayed_write_rate : 16777216
2021/06/15-12:45:23.292909 7f7e533e81c0             Options.max_total_wal_size: 0
2021/06/15-12:45:23.292909 7f7e533e81c0             Options.delete_obsolete_files_period_micros: 21600000000
2021/06/15-12:45:23.292910 7f7e533e81c0                   Options.stats_dump_period_sec: 600
2021/06/15-12:45:23.292910 7f7e533e81c0                 Options.stats_persist_period_sec: 600
2021/06/15-12:45:23.292911 7f7e533e81c0                 Options.stats_history_buffer_size: 1048576
2021/06/15-12:45:23.292911 7f7e533e81c0                          Options.max_open_files: -1
2021/06/15-12:45:23.292912 7f7e533e81c0                          Options.bytes_per_sync: 0
2021/06/15-12:45:23.292913 7f7e533e81c0                      Options.wal_bytes_per_sync: 0
2021/06/15-12:45:23.292913 7f7e533e81c0                   Options.strict_bytes_per_sync: 0
2021/06/15-12:45:23.292914 7f7e533e81c0       Options.compaction_readahead_size: 0
2021/06/15-12:45:23.292914 7f7e533e81c0                  Options.max_background_flushes: -1
2021/06/15-12:45:23.292918 7f7e533e81c0 Compression algorithms supported:
2021/06/15-12:45:23.292919 7f7e533e81c0 	kZSTDNotFinalCompression supported: 1
2021/06/15-12:45:23.292920 7f7e533e81c0 	kZSTD supported: 1
2021/06/15-12:45:23.292920 7f7e533e81c0 	kXpressCompression supported: 0
2021/06/15-12:45:23.292921 7f7e533e81c0 	kLZ4HCCompression supported: 1
2021/06/15-12:45:23.292922 7f7e533e81c0 	kLZ4Compression supported: 1
2021/06/15-12:45:23.292922 7f7e533e81c0 	kBZip2Compression supported: 1
2021/06/15-12:45:23.292923 7f7e533e81c0 	kZlibCompression supported: 1
2021/06/15-12:45:23.292923 7f7e533e81c0 	kSnappyCompression supported: 1
2021/06/15-12:45:23.292925 7f7e533e81c0 Fast CRC32 supported: Supported on x86
2021/06/15-12:45:23.292979 7f7e533e81c0 [db/version_set.cc:4559] Recovering from manifest file: /home/fer/Projects/pro/ic/ic-playground/.dfx/state/replicated_state/node-100/ic_consensus_pool/certification/MANIFEST-000086
2021/06/15-12:45:23.293100 7f7e533e81c0 [db/column_family.cc:578] --------------- Options for column family [default]:
2021/06/15-12:45:23.293102 7f7e533e81c0               Options.comparator: leveldb.BytewiseComparator
2021/06/15-12:45:23.293102 7f7e533e81c0           Options.merge_operator: None
2021/06/15-12:45:23.293103 7f7e533e81c0        Options.compaction_filter: None
2021/06/15-12:45:23.293104 7f7e533e81c0        Options.compaction_filter_factory: None
2021/06/15-12:45:23.293117 7f7e533e81c0  Options.sst_partitioner_factory: None
2021/06/15-12:45:23.293118 7f7e533e81c0         Options.memtable_factory: SkipListFactory
2021/06/15-12:45:23.293118 7f7e533e81c0            Options.table_factory: BlockBasedTable
2021/06/15-12:45:23.293131 7f7e533e81c0            table_factory options:   flush_block_policy_factory: FlushBlockBySizePolicyFactory (0x7f7e52e34ec0)
  cache_index_and_filter_blocks: 0
  cache_index_and_filter_blocks_with_high_priority: 1
  pin_l0_filter_and_index_blocks_in_cache: 0
  pin_top_level_index_and_filter: 1
  index_type: 0
  data_block_index_type: 0
  index_shortening: 1
  data_block_hash_table_util_ratio: 0.750000
  hash_index_allow_collision: 1
  checksum: 1
  no_block_cache: 0
  block_cache: 0x7f7e52ea3c10
  block_cache_name: LRUCache
  block_cache_options:
    capacity : 8388608
    num_shard_bits : 4
    strict_capacity_limit : 0
    memory_allocator : None
    high_pri_pool_ratio: 0.000
  block_cache_compressed: (nil)
  persistent_cache: (nil)
  block_size: 4096
  block_size_deviation: 10
  block_restart_interval: 16
  index_block_restart_interval: 1
  metadata_block_size: 4096
  partition_filters: 0
  use_delta_encoding: 1
  filter_policy: nullptr
  whole_key_filtering: 1
  verify_compression: 0
  read_amp_bytes_per_bit: 0
  format_version: 4
  enable_index_compression: 1
  block_align: 0
2021/06/15-12:45:23.293132 7f7e533e81c0        Options.write_buffer_size: 67108864
2021/06/15-12:45:23.293133 7f7e533e81c0  Options.max_write_buffer_number: 2
2021/06/15-12:45:23.293134 7f7e533e81c0          Options.compression: Snappy
2021/06/15-12:45:23.293134 7f7e533e81c0                  Options.bottommost_compression: Disabled
2021/06/15-12:45:23.293135 7f7e533e81c0       Options.prefix_extractor: nullptr
2021/06/15-12:45:23.293136 7f7e533e81c0   Options.memtable_insert_with_hint_prefix_extractor: nullptr
2021/06/15-12:45:23.293136 7f7e533e81c0             Options.num_levels: 7
2021/06/15-12:45:23.293137 7f7e533e81c0        Options.min_write_buffer_number_to_merge: 1
2021/06/15-12:45:23.293137 7f7e533e81c0     Options.max_write_buffer_number_to_maintain: 0
2021/06/15-12:45:23.293138 7f7e533e81c0     Options.max_write_buffer_size_to_maintain: 0
2021/06/15-12:45:23.293138 7f7e533e81c0            Options.bottommost_compression_opts.window_bits: -14
2021/06/15-12:45:23.293139 7f7e533e81c0                  Options.bottommost_compression_opts.level: 32767
2021/06/15-12:45:23.293140 7f7e533e81c0               Options.bottommost_compression_opts.strategy: 0
2021/06/15-12:45:23.293140 7f7e533e81c0         Options.bottommost_compression_opts.max_dict_bytes: 0
2021/06/15-12:45:23.293141 7f7e533e81c0         Options.bottommost_compression_opts.zstd_max_train_bytes: 0
2021/06/15-12:45:23.293161 7f7e533e81c0         Options.bottommost_compression_opts.parallel_threads: 1
2021/06/15-12:45:23.293162 7f7e533e81c0                  Options.bottommost_compression_opts.enabled: false
2021/06/15-12:45:23.293162 7f7e533e81c0            Options.compression_opts.window_bits: -14
2021/06/15-12:45:23.293163 7f7e533e81c0                  Options.compression_opts.level: 32767
2021/06/15-12:45:23.293163 7f7e533e81c0               Options.compression_opts.strategy: 0
2021/06/15-12:45:23.293173 7f7e533e81c0         Options.compression_opts.max_dict_bytes: 0
2021/06/15-12:45:23.293174 7f7e533e81c0         Options.compression_opts.zstd_max_train_bytes: 0
2021/06/15-12:45:23.293174 7f7e533e81c0         Options.compression_opts.parallel_threads: 1
2021/06/15-12:45:23.293175 7f7e533e81c0                  Options.compression_opts.enabled: false
2021/06/15-12:45:23.293175 7f7e533e81c0      Options.level0_file_num_compaction_trigger: 4
2021/06/15-12:45:23.293176 7f7e533e81c0          Options.level0_slowdown_writes_trigger: 20
2021/06/15-12:45:23.293177 7f7e533e81c0              Options.level0_stop_writes_trigger: 36
2021/06/15-12:45:23.293177 7f7e533e81c0                   Options.target_file_size_base: 67108864
2021/06/15-12:45:23.293178 7f7e533e81c0             Options.target_file_size_multiplier: 1
2021/06/15-12:45:23.293178 7f7e533e81c0                Options.max_bytes_for_level_base: 268435456
2021/06/15-12:45:23.293179 7f7e533e81c0 Options.level_compaction_dynamic_level_bytes: 0
2021/06/15-12:45:23.293180 7f7e533e81c0          Options.max_bytes_for_level_multiplier: 10.000000
2021/06/15-12:45:23.293181 7f7e533e81c0 Options.max_bytes_for_level_multiplier_addtl[0]: 1
2021/06/15-12:45:23.293182 7f7e533e81c0 Options.max_bytes_for_level_multiplier_addtl[1]: 1
2021/06/15-12:45:23.293182 7f7e533e81c0 Options.max_bytes_for_level_multiplier_addtl[2]: 1
2021/06/15-12:45:23.293183 7f7e533e81c0 Options.max_bytes_for_level_multiplier_addtl[3]: 1
2021/06/15-12:45:23.293183 7f7e533e81c0 Options.max_bytes_for_level_multiplier_addtl[4]: 1
2021/06/15-12:45:23.293184 7f7e533e81c0 Options.max_bytes_for_level_multiplier_addtl[5]: 1
2021/06/15-12:45:23.293184 7f7e533e81c0 Options.max_bytes_for_level_multiplier_addtl[6]: 1
2021/06/15-12:45:23.293185 7f7e533e81c0       Options.max_sequential_skip_in_iterations: 8
2021/06/15-12:45:23.293186 7f7e533e81c0                    Options.max_compaction_bytes: 1677721600
2021/06/15-12:45:23.293186 7f7e533e81c0                        Options.arena_block_size: 8388608
2021/06/15-12:45:23.293187 7f7e533e81c0   Options.soft_pending_compaction_bytes_limit: 68719476736
2021/06/15-12:45:23.293187 7f7e533e81c0   Options.hard_pending_compaction_bytes_limit: 274877906944
2021/06/15-12:45:23.293188 7f7e533e81c0       Options.rate_limit_delay_max_milliseconds: 100
2021/06/15-12:45:23.293189 7f7e533e81c0                Options.disable_auto_compactions: 0
2021/06/15-12:45:23.293190 7f7e533e81c0                        Options.compaction_style: kCompactionStyleLevel
2021/06/15-12:45:23.293191 7f7e533e81c0                          Options.compaction_pri: kMinOverlappingRatio
2021/06/15-12:45:23.293191 7f7e533e81c0 Options.compaction_options_universal.size_ratio: 1
2021/06/15-12:45:23.293192 7f7e533e81c0 Options.compaction_options_universal.min_merge_width: 2
2021/06/15-12:45:23.293192 7f7e533e81c0 Options.compaction_options_universal.max_merge_width: 4294967295
2021/06/15-12:45:23.293193 7f7e533e81c0 Options.compaction_options_universal.max_size_amplification_percent: 200
2021/06/15-12:45:23.293194 7f7e533e81c0 Options.compaction_options_universal.compression_size_percent: -1
2021/06/15-12:45:23.293195 7f7e533e81c0 Options.compaction_options_universal.stop_style: kCompactionStopStyleTotalSize
2021/06/15-12:45:23.293205 7f7e533e81c0 Options.compaction_options_fifo.max_table_files_size: 1073741824
2021/06/15-12:45:23.293206 7f7e533e81c0 Options.compaction_options_fifo.allow_compaction: 0
2021/06/15-12:45:23.293209 7f7e533e81c0                   Options.table_properties_collectors: 
2021/06/15-12:45:23.293213 7f7e533e81c0                   Options.inplace_update_support: 0
2021/06/15-12:45:23.293213 7f7e533e81c0                 Options.inplace_update_num_locks: 10000
2021/06/15-12:45:23.293214 7f7e533e81c0               Options.memtable_prefix_bloom_size_ratio: 0.000000
2021/06/15-12:45:23.293215 7f7e533e81c0               Options.memtable_whole_key_filtering: 0
2021/06/15-12:45:23.293216 7f7e533e81c0   Options.memtable_huge_page_size: 0
2021/06/15-12:45:23.293216 7f7e533e81c0                           Options.bloom_locality: 0
2021/06/15-12:45:23.293217 7f7e533e81c0                    Options.max_successive_merges: 0
2021/06/15-12:45:23.293217 7f7e533e81c0                Options.optimize_filters_for_hits: 0
2021/06/15-12:45:23.293218 7f7e533e81c0                Options.paranoid_file_checks: 0
2021/06/15-12:45:23.293228 7f7e533e81c0                Options.force_consistency_checks: 0
2021/06/15-12:45:23.293228 7f7e533e81c0                Options.report_bg_io_stats: 0
2021/06/15-12:45:23.293229 7f7e533e81c0                               Options.ttl: 2592000
2021/06/15-12:45:23.293230 7f7e533e81c0          Options.periodic_compaction_seconds: 0
2021/06/15-12:45:23.293277 7f7e533e81c0 [db/column_family.cc:578] --------------- Options for column family [CE]:
2021/06/15-12:45:23.293278 7f7e533e81c0               Options.comparator: leveldb.BytewiseComparator
2021/06/15-12:45:23.293279 7f7e533e81c0           Options.merge_operator: None
2021/06/15-12:45:23.293279 7f7e533e81c0        Options.compaction_filter: filter_outdated
2021/06/15-12:45:23.293280 7f7e533e81c0        Options.compaction_filter_factory: None
2021/06/15-12:45:23.293281 7f7e533e81c0  Options.sst_partitioner_factory: None
2021/06/15-12:45:23.293281 7f7e533e81c0         Options.memtable_factory: SkipListFactory
2021/06/15-12:45:23.293282 7f7e533e81c0            Options.table_factory: BlockBasedTable
2021/06/15-12:45:23.293302 7f7e533e81c0            table_factory options:   flush_block_policy_factory: FlushBlockBySizePolicyFactory (0x7f7e52e34e88)
  cache_index_and_filter_blocks: 0
  cache_index_and_filter_blocks_with_high_priority: 1
  pin_l0_filter_and_index_blocks_in_cache: 0
  pin_top_level_index_and_filter: 1
  index_type: 0
  data_block_index_type: 0
  index_shortening: 1
  data_block_hash_table_util_ratio: 0.750000
  hash_index_allow_collision: 1
  checksum: 1
  no_block_cache: 0
  block_cache: 0x7f7e4ea13210
  block_cache_name: LRUCache
  block_cache_options:
    capacity : 8388608
    num_shard_bits : 4
    strict_capacity_limit : 0
    memory_allocator : None
    high_pri_pool_ratio: 0.000
  block_cache_compressed: (nil)
  persistent_cache: (nil)
  block_size: 4096
  block_size_deviation: 10
  block_restart_interval: 16
  index_block_restart_interval: 1
  metadata_block_size: 4096
  partition_filters: 0
  use_delta_encoding: 1
  filter_policy: nullptr
  whole_key_filtering: 1
  verify_compression: 0
  read_amp_bytes_per_bit: 0
  format_version: 4
  enable_index_compression: 1
  block_align: 0
2021/06/15-12:45:23.293303 7f7e533e81c0        Options.write_buffer_size: 67108864
2021/06/15-12:45:23.293304 7f7e533e81c0  Options.max_write_buffer_number: 2
2021/06/15-12:45:23.293305 7f7e533e81c0          Options.compression: NoCompression
2021/06/15-12:45:23.293305 7f7e533e81c0                  Options.bottommost_compression: Disabled
2021/06/15-12:45:23.293315 7f7e533e81c0       Options.prefix_extractor: nullptr
2021/06/15-12:45:23.293316 7f7e533e81c0   Options.memtable_insert_with_hint_prefix_extractor: nullptr
2021/06/15-12:45:23.293317 7f7e533e81c0             Options.num_levels: 7
2021/06/15-12:45:23.293317 7f7e533e81c0        Options.min_write_buffer_number_to_merge: 1
2021/06/15-12:45:23.293318 7f7e533e81c0     Options.max_write_buffer_number_to_maintain: 0
2021/06/15-12:45:23.293318 7f7e533e81c0     Options.max_write_buffer_size_to_maintain: 0
2021/06/15-12:45:23.293319 7f7e533e81c0            Options.bottommost_compression_opts.window_bits: -14
2021/06/15-12:45:23.293319 7f7e533e81c0                  Options.bottommost_compression_opts.level: 32767
2021/06/15-12:45:23.293335 7f7e533e81c0               Options.bottommost_compression_opts.strategy: 0
2021/06/15-12:45:23.293335 7f7e533e81c0         Options.bottommost_compression_opts.max_dict_bytes: 0
2021/06/15-12:45:23.293336 7f7e533e81c0         Options.bottommost_compression_opts.zstd_max_train_bytes: 0
2021/06/15-12:45:23.293336 7f7e533e81c0         Options.bottommost_compression_opts.parallel_threads: 1
2021/06/15-12:45:23.293337 7f7e533e81c0                  Options.bottommost_compression_opts.enabled: false
2021/06/15-12:45:23.293338 7f7e533e81c0            Options.compression_opts.window_bits: -14
2021/06/15-12:45:23.293338 7f7e533e81c0                  Options.compression_opts.level: 32767
2021/06/15-12:45:23.293339 7f7e533e81c0               Options.compression_opts.strategy: 0
2021/06/15-12:45:23.293339 7f7e533e81c0         Options.compression_opts.max_dict_bytes: 0
2021/06/15-12:45:23.293340 7f7e533e81c0         Options.compression_opts.zstd_max_train_bytes: 0
2021/06/15-12:45:23.293340 7f7e533e81c0         Options.compression_opts.parallel_threads: 1
2021/06/15-12:45:23.293341 7f7e533e81c0                  Options.compression_opts.enabled: false
2021/06/15-12:45:23.293342 7f7e533e81c0      Options.level0_file_num_compaction_trigger: 4
2021/06/15-12:45:23.293342 7f7e533e81c0          Options.level0_slowdown_writes_trigger: 20
2021/06/15-12:45:23.293343 7f7e533e81c0              Options.level0_stop_writes_trigger: 36
2021/06/15-12:45:23.293343 7f7e533e81c0                   Options.target_file_size_base: 67108864
2021/06/15-12:45:23.293344 7f7e533e81c0             Options.target_file_size_multiplier: 1
2021/06/15-12:45:23.293344 7f7e533e81c0                Options.max_bytes_for_level_base: 268435456
2021/06/15-12:45:23.293345 7f7e533e81c0 Options.level_compaction_dynamic_level_bytes: 0
2021/06/15-12:45:23.293346 7f7e533e81c0          Options.max_bytes_for_level_multiplier: 10.000000
2021/06/15-12:45:23.293347 7f7e533e81c0 Options.max_bytes_for_level_multiplier_addtl[0]: 1
2021/06/15-12:45:23.293347 7f7e533e81c0 Options.max_bytes_for_level_multiplier_addtl[1]: 1
2021/06/15-12:45:23.293348 7f7e533e81c0 Options.max_bytes_for_level_multiplier_addtl[2]: 1
2021/06/15-12:45:23.293349 7f7e533e81c0 Options.max_bytes_for_level_multiplier_addtl[3]: 1
2021/06/15-12:45:23.293349 7f7e533e81c0 Options.max_bytes_for_level_multiplier_addtl[4]: 1
2021/06/15-12:45:23.293350 7f7e533e81c0 Options.max_bytes_for_level_multiplier_addtl[5]: 1
2021/06/15-12:45:23.293350 7f7e533e81c0 Options.max_bytes_for_level_multiplier_addtl[6]: 1
2021/06/15-12:45:23.293351 7f7e533e81c0       Options.max_sequential_skip_in_iterations: 8
2021/06/15-12:45:23.293351 7f7e533e81c0                    Options.max_compaction_bytes: 1677721600
2021/06/15-12:45:23.293352 7f7e533e81c0                        Options.arena_block_size: 8388608
2021/06/15-12:45:23.293353 7f7e533e81c0   Options.soft_pending_compaction_bytes_limit: 68719476736
2021/06/15-12:45:23.293353 7f7e533e81c0   Options.hard_pending_compaction_bytes_limit: 274877906944
2021/06/15-12:45:23.293354 7f7e533e81c0       Options.rate_limit_delay_max_milliseconds: 100
2021/06/15-12:45:23.293354 7f7e533e81c0                Options.disable_auto_compactions: 1
2021/06/15-12:45:23.293355 7f7e533e81c0                        Options.compaction_style: kCompactionStyleLevel
2021/06/15-12:45:23.293356 7f7e533e81c0                          Options.compaction_pri: kMinOverlappingRatio
2021/06/15-12:45:23.293356 7f7e533e81c0 Options.compaction_options_universal.size_ratio: 1
2021/06/15-12:45:23.293357 7f7e533e81c0 Options.compaction_options_universal.min_merge_width: 2
2021/06/15-12:45:23.293358 7f7e533e81c0 Options.compaction_options_universal.max_merge_width: 4294967295
2021/06/15-12:45:23.293372 7f7e533e81c0 Options.compaction_options_universal.max_size_amplification_percent: 200
2021/06/15-12:45:23.293373 7f7e533e81c0 Options.compaction_options_universal.compression_size_percent: -1
2021/06/15-12:45:23.293373 7f7e533e81c0 Options.compaction_options_universal.stop_style: kCompactionStopStyleTotalSize
2021/06/15-12:45:23.293377 7f7e533e81c0 Options.compaction_options_fifo.max_table_files_size: 1073741824
2021/06/15-12:45:23.293378 7f7e533e81c0 Options.compaction_options_fifo.allow_compaction: 0
2021/06/15-12:45:23.293379 7f7e533e81c0                   Options.table_properties_collectors: 
2021/06/15-12:45:23.293380 7f7e533e81c0                   Options.inplace_update_support: 0
2021/06/15-12:45:23.293380 7f7e533e81c0                 Options.inplace_update_num_locks: 10000
2021/06/15-12:45:23.293381 7f7e533e81c0               Options.memtable_prefix_bloom_size_ratio: 0.000000
2021/06/15-12:45:23.293391 7f7e533e81c0               Options.memtable_whole_key_filtering: 0
2021/06/15-12:45:23.293391 7f7e533e81c0   Options.memtable_huge_page_size: 0
2021/06/15-12:45:23.293392 7f7e533e81c0                           Options.bloom_locality: 0
2021/06/15-12:45:23.293392 7f7e533e81c0                    Options.max_successive_merges: 0
2021/06/15-12:45:23.293393 7f7e533e81c0                Options.optimize_filters_for_hits: 0
2021/06/15-12:45:23.293393 7f7e533e81c0                Options.paranoid_file_checks: 0
2021/06/15-12:45:23.293394 7f7e533e81c0                Options.force_consistency_checks: 0
2021/06/15-12:45:23.293394 7f7e533e81c0                Options.report_bg_io_stats: 0
2021/06/15-12:45:23.293395 7f7e533e81c0                               Options.ttl: 2592000
2021/06/15-12:45:23.293396 7f7e533e81c0          Options.periodic_compaction_seconds: 2592000
2021/06/15-12:45:23.293424 7f7e533e81c0 [db/column_family.cc:578] --------------- Options for column family [CES]:
2021/06/15-12:45:23.293426 7f7e533e81c0               Options.comparator: leveldb.BytewiseComparator
2021/06/15-12:45:23.293426 7f7e533e81c0           Options.merge_operator: None
2021/06/15-12:45:23.293427 7f7e533e81c0        Options.compaction_filter: filter_outdated
2021/06/15-12:45:23.293427 7f7e533e81c0        Options.compaction_filter_factory: None
2021/06/15-12:45:23.293428 7f7e533e81c0  Options.sst_partitioner_factory: None
2021/06/15-12:45:23.293428 7f7e533e81c0         Options.memtable_factory: SkipListFactory
2021/06/15-12:45:23.293429 7f7e533e81c0            Options.table_factory: BlockBasedTable
2021/06/15-12:45:23.293448 7f7e533e81c0            table_factory options:   flush_block_policy_factory: FlushBlockBySizePolicyFactory (0x7f7e52e34ea0)
  cache_index_and_filter_blocks: 0
  cache_index_and_filter_blocks_with_high_priority: 1
  pin_l0_filter_and_index_blocks_in_cache: 0
  pin_top_level_index_and_filter: 1
  index_type: 0
  data_block_index_type: 0
  index_shortening: 1
  data_block_hash_table_util_ratio: 0.750000
  hash_index_allow_collision: 1
  checksum: 1
  no_block_cache: 0
  block_cache: 0x7f7e52ea3310
  block_cache_name: LRUCache
  block_cache_options:
    capacity : 8388608
    num_shard_bits : 4
    strict_capacity_limit : 0
    memory_allocator : None
    high_pri_pool_ratio: 0.000
  block_cache_compressed: (nil)
  persistent_cache: (nil)
  block_size: 4096
  block_size_deviation: 10
  block_restart_interval: 16
  index_block_restart_interval: 1
  metadata_block_size: 4096
  partition_filters: 0
  use_delta_encoding: 1
  filter_policy: nullptr
  whole_key_filtering: 1
  verify_compression: 0
  read_amp_bytes_per_bit: 0
  format_version: 4
  enable_index_compression: 1
  block_align: 0
2021/06/15-12:45:23.293449 7f7e533e81c0        Options.write_buffer_size: 67108864
2021/06/15-12:45:23.293450 7f7e533e81c0  Options.max_write_buffer_number: 2
2021/06/15-12:45:23.293451 7f7e533e81c0          Options.compression: NoCompression
2021/06/15-12:45:23.293451 7f7e533e81c0                  Options.bottommost_compression: Disabled
2021/06/15-12:45:23.293452 7f7e533e81c0       Options.prefix_extractor: nullptr
2021/06/15-12:45:23.293452 7f7e533e81c0   Options.memtable_insert_with_hint_prefix_extractor: nullptr
2021/06/15-12:45:23.293453 7f7e533e81c0             Options.num_levels: 7
2021/06/15-12:45:23.293453 7f7e533e81c0        Options.min_write_buffer_number_to_merge: 1
2021/06/15-12:45:23.293461 7f7e533e81c0     Options.max_write_buffer_number_to_maintain: 0
2021/06/15-12:45:23.293462 7f7e533e81c0     Options.max_write_buffer_size_to_maintain: 0
2021/06/15-12:45:23.293462 7f7e533e81c0            Options.bottommost_compression_opts.window_bits: -14
2021/06/15-12:45:23.293463 7f7e533e81c0                  Options.bottommost_compression_opts.level: 32767
2021/06/15-12:45:23.293463 7f7e533e81c0               Options.bottommost_compression_opts.strategy: 0
2021/06/15-12:45:23.293464 7f7e533e81c0         Options.bottommost_compression_opts.max_dict_bytes: 0
2021/06/15-12:45:23.293465 7f7e533e81c0         Options.bottommost_compression_opts.zstd_max_train_bytes: 0
2021/06/15-12:45:23.293465 7f7e533e81c0         Options.bottommost_compression_opts.parallel_threads: 1
2021/06/15-12:45:23.293466 7f7e533e81c0                  Options.bottommost_compression_opts.enabled: false
2021/06/15-12:45:23.293466 7f7e533e81c0            Options.compression_opts.window_bits: -14
2021/06/15-12:45:23.293467 7f7e533e81c0                  Options.compression_opts.level: 32767
2021/06/15-12:45:23.293468 7f7e533e81c0               Options.compression_opts.strategy: 0
2021/06/15-12:45:23.293468 7f7e533e81c0         Options.compression_opts.max_dict_bytes: 0
2021/06/15-12:45:23.293469 7f7e533e81c0         Options.compression_opts.zstd_max_train_bytes: 0
2021/06/15-12:45:23.293469 7f7e533e81c0         Options.compression_opts.parallel_threads: 1
2021/06/15-12:45:23.293470 7f7e533e81c0                  Options.compression_opts.enabled: false
2021/06/15-12:45:23.293470 7f7e533e81c0      Options.level0_file_num_compaction_trigger: 4
2021/06/15-12:45:23.293471 7f7e533e81c0          Options.level0_slowdown_writes_trigger: 20
2021/06/15-12:45:23.293471 7f7e533e81c0              Options.level0_stop_writes_trigger: 36
2021/06/15-12:45:23.293472 7f7e533e81c0                   Options.target_file_size_base: 67108864
2021/06/15-12:45:23.293473 7f7e533e81c0             Options.target_file_size_multiplier: 1
2021/06/15-12:45:23.293473 7f7e533e81c0                Options.max_bytes_for_level_base: 268435456
2021/06/15-12:45:23.293474 7f7e533e81c0 Options.level_compaction_dynamic_level_bytes: 0
2021/06/15-12:45:23.293474 7f7e533e81c0          Options.max_bytes_for_level_multiplier: 10.000000
2021/06/15-12:45:23.293475 7f7e533e81c0 Options.max_bytes_for_level_multiplier_addtl[0]: 1
2021/06/15-12:45:23.293476 7f7e533e81c0 Options.max_bytes_for_level_multiplier_addtl[1]: 1
2021/06/15-12:45:23.293477 7f7e533e81c0 Options.max_bytes_for_level_multiplier_addtl[2]: 1
2021/06/15-12:45:23.293477 7f7e533e81c0 Options.max_bytes_for_level_multiplier_addtl[3]: 1
2021/06/15-12:45:23.293478 7f7e533e81c0 Options.max_bytes_for_level_multiplier_addtl[4]: 1
2021/06/15-12:45:23.293478 7f7e533e81c0 Options.max_bytes_for_level_multiplier_addtl[5]: 1
2021/06/15-12:45:23.293479 7f7e533e81c0 Options.max_bytes_for_level_multiplier_addtl[6]: 1
2021/06/15-12:45:23.293479 7f7e533e81c0       Options.max_sequential_skip_in_iterations: 8
2021/06/15-12:45:23.293480 7f7e533e81c0                    Options.max_compaction_bytes: 1677721600
2021/06/15-12:45:23.293481 7f7e533e81c0                        Options.arena_block_size: 8388608
2021/06/15-12:45:23.293481 7f7e533e81c0   Options.soft_pending_compaction_bytes_limit: 68719476736
2021/06/15-12:45:23.293482 7f7e533e81c0   Options.hard_pending_compaction_bytes_limit: 274877906944
2021/06/15-12:45:23.293482 7f7e533e81c0       Options.rate_limit_delay_max_milliseconds: 100
2021/06/15-12:45:23.293483 7f7e533e81c0                Options.disable_auto_compactions: 1
2021/06/15-12:45:23.293484 7f7e533e81c0                        Options.compaction_style: kCompactionStyleLevel
2021/06/15-12:45:23.293484 7f7e533e81c0                          Options.compaction_pri: kMinOverlappingRatio
2021/06/15-12:45:23.293485 7f7e533e81c0 Options.compaction_options_universal.size_ratio: 1
2021/06/15-12:45:23.293485 7f7e533e81c0 Options.compaction_options_universal.min_merge_width: 2
2021/06/15-12:45:23.293486 7f7e533e81c0 Options.compaction_options_universal.max_merge_width: 4294967295
2021/06/15-12:45:23.293490 7f7e533e81c0 Options.compaction_options_universal.max_size_amplification_percent: 200
2021/06/15-12:45:23.293490 7f7e533e81c0 Options.compaction_options_universal.compression_size_percent: -1
2021/06/15-12:45:23.293491 7f7e533e81c0 Options.compaction_options_universal.stop_style: kCompactionStopStyleTotalSize
2021/06/15-12:45:23.293492 7f7e533e81c0 Options.compaction_options_fifo.max_table_files_size: 1073741824
2021/06/15-12:45:23.293492 7f7e533e81c0 Options.compaction_options_fifo.allow_compaction: 0
2021/06/15-12:45:23.293493 7f7e533e81c0                   Options.table_properties_collectors: 
2021/06/15-12:45:23.293494 7f7e533e81c0                   Options.inplace_update_support: 0
2021/06/15-12:45:23.293495 7f7e533e81c0                 Options.inplace_update_num_locks: 10000
2021/06/15-12:45:23.293495 7f7e533e81c0               Options.memtable_prefix_bloom_size_ratio: 0.000000
2021/06/15-12:45:23.293496 7f7e533e81c0               Options.memtable_whole_key_filtering: 0
2021/06/15-12:45:23.293496 7f7e533e81c0   Options.memtable_huge_page_size: 0
2021/06/15-12:45:23.293497 7f7e533e81c0                           Options.bloom_locality: 0
2021/06/15-12:45:23.293498 7f7e533e81c0                    Options.max_successive_merges: 0
2021/06/15-12:45:23.293498 7f7e533e81c0                Options.optimize_filters_for_hits: 0
2021/06/15-12:45:23.293499 7f7e533e81c0                Options.paranoid_file_checks: 0
2021/06/15-12:45:23.293499 7f7e533e81c0                Options.force_consistency_checks: 0
2021/06/15-12:45:23.293500 7f7e533e81c0                Options.report_bg_io_stats: 0
2021/06/15-12:45:23.293500 7f7e533e81c0                               Options.ttl: 2592000
2021/06/15-12:45:23.293501 7f7e533e81c0          Options.periodic_compaction_seconds: 2592000
2021/06/15-12:45:23.294377 7f7e533e81c0 [db/version_set.cc:4708] Recovered from manifest file:/home/fer/Projects/pro/ic/ic-playground/.dfx/state/replicated_state/node-100/ic_consensus_pool/certification/MANIFEST-000086 succeeded,manifest_file_number is 86, next_file_number is 93, last_sequence is 40280, log_number is 81,prev_log_number is 0,max_column_family is 2,min_log_number_to_keep is 0
2021/06/15-12:45:23.294381 7f7e533e81c0 [db/version_set.cc:4724] Column family [default] (ID 0), log number is 81
2021/06/15-12:45:23.294382 7f7e533e81c0 [db/version_set.cc:4724] Column family [CE] (ID 1), log number is 81
2021/06/15-12:45:23.294383 7f7e533e81c0 [db/version_set.cc:4724] Column family [CES] (ID 2), log number is 81
2021/06/15-12:45:23.294461 7f7e533e81c0 EVENT_LOG_v1 {"time_micros": 1623779123294457, "job": 1, "event": "recovery_started", "log_files": [87]}
2021/06/15-12:45:23.294464 7f7e533e81c0 [db/db_impl/db_impl_open.cc:821] Recovering log #87 mode 2
2021/06/15-12:45:23.315558 7f7e533e81c0 EVENT_LOG_v1 {"time_micros": 1623779123315528, "cf_name": "CE", "job": 1, "event": "table_file_creation", "file_number": 93, "file_size": 30337, "table_properties": {"data_size": 29326, "index_size": 187, "index_partitions": 0, "top_level_index_size": 0, "index_key_is_user_key": 1, "index_value_is_delta_encoded": 1, "filter_size": 0, "raw_key_size": 6912, "raw_average_key_size": 48, "raw_value_size": 22608, "raw_average_value_size": 157, "num_data_blocks": 8, "num_entries": 144, "num_deletions": 0, "num_merge_operands": 0, "num_range_deletions": 0, "format_version": 0, "fixed_key_len": 0, "filter_policy": "", "column_family_name": "CE", "column_family_id": 1, "comparator": "leveldb.BytewiseComparator", "merge_operator": "nullptr", "prefix_extractor_name": "nullptr", "property_collectors": "[]", "compression": "NoCompression", "compression_options": "window_bits=-14; level=32767; strategy=0; max_dict_bytes=0; zstd_max_train_bytes=0; enabled=0; ", "creation_time": 1623779123, "oldest_key_time": 0, "file_creation_time": 0, "db_id": "fb1e5bae-d376-47ca-aa09-d6ef1c6cedb5", "db_session_id": "TQY9VVSMN91T852FSIJY"}}
2021/06/15-12:45:23.340813 7f7e533e81c0 EVENT_LOG_v1 {"time_micros": 1623779123340792, "cf_name": "CES", "job": 1, "event": "table_file_creation", "file_number": 94, "file_size": 27993, "table_properties": {"data_size": 27001, "index_size": 167, "index_partitions": 0, "top_level_index_size": 0, "index_key_is_user_key": 1, "index_value_is_delta_encoded": 1, "filter_size": 0, "raw_key_size": 6912, "raw_average_key_size": 48, "raw_value_size": 20304, "raw_average_value_size": 141, "num_data_blocks": 7, "num_entries": 144, "num_deletions": 0, "num_merge_operands": 0, "num_range_deletions": 0, "format_version": 0, "fixed_key_len": 0, "filter_policy": "", "column_family_name": "CES", "column_family_id": 2, "comparator": "leveldb.BytewiseComparator", "merge_operator": "nullptr", "prefix_extractor_name": "nullptr", "property_collectors": "[]", "compression": "NoCompression", "compression_options": "window_bits=-14; level=32767; strategy=0; max_dict_bytes=0; zstd_max_train_bytes=0; enabled=0; ", "creation_time": 1623779123, "oldest_key_time": 0, "file_creation_time": 0, "db_id": "fb1e5bae-d376-47ca-aa09-d6ef1c6cedb5", "db_session_id": "TQY9VVSMN91T852FSIJY"}}
2021/06/15-12:45:23.340886 7f7e533e81c0 [db/version_set.cc:3949] Creating manifest 95
2021/06/15-12:45:23.416763 7f7e533e81c0 EVENT_LOG_v1 {"time_micros": 1623779123416760, "job": 1, "event": "recovery_finished"}
2021/06/15-12:45:23.416986 7f7e533e81c0 [file/delete_scheduler.cc:69] Deleted file /home/fer/Projects/pro/ic/ic-playground/.dfx/state/replicated_state/node-100/ic_consensus_pool/certification/000087.log immediately, rate_bytes_per_sec 0, total_trash_size 0 max_trash_db_ratio 0.250000
2021/06/15-12:45:23.459659 7f7e533e81c0 [db/db_impl/db_impl_open.cc:1638] SstFileManager instance 0x7f7e52f41d80
2021/06/15-12:45:23.459709 7f7e533e81c0 DB pointer 0x7f7e4ea89000
2021/06/15-12:45:23.461849 7f7e34c9f700 [db/db_impl/db_impl_compaction_flush.cc:1523] [CE] Manual compaction starting
2021/06/15-12:45:23.461968 7f7e410b4700 (Original Log Time 2021/06/15-12:45:23.461953) [db/db_impl/db_impl_compaction_flush.cc:2592] [CE] Manual compaction from level-0 to level-1 from '00000000000000000000000000000000000000000000000000000000000000000000000000000000' seq:72057594037927935, type:20 .. '0000000000004EE80000000000000000000000000000000000000000000000000000000000000000' seq:0, type:0; will stop at (end)
2021/06/15-12:45:23.461972 7f7e410b4700 [db/compaction/compaction_job.cc:1759] [CE] [JOB 3] Compacting 1@0 files to L1, score -1.00
2021/06/15-12:45:23.461977 7f7e410b4700 [db/compaction/compaction_job.cc:1765] [CE] Compaction start summary: Base version 7 Base level 0, inputs: [93(29KB)]
2021/06/15-12:45:23.461992 7f7e410b4700 EVENT_LOG_v1 {"time_micros": 1623779123461986, "job": 3, "event": "compaction_started", "compaction_reason": "ManualCompaction", "files_L0": [93], "score": -1, "input_data_size": 30337}
2021/06/15-12:45:23.549130 7f7e410b4700 [db/compaction/compaction_job.cc:1423] [CE] [JOB 3] Generated table #99: 84 keys, 18088 bytes
