2021/06/08-13:48:30.061462 7f97163a11c0 RocksDB version: 6.12.7
2021/06/08-13:48:30.061526 7f97163a11c0 Git sha rocksdb_build_git_sha:@0@
2021/06/08-13:48:30.061531 7f97163a11c0 Compile date Jan  1 1980
2021/06/08-13:48:30.061600 7f97163a11c0 DB SUMMARY
2021/06/08-13:48:30.061604 7f97163a11c0 DB Session ID:  8I4RSPPWY8VVXY299VLL
2021/06/08-13:48:30.061659 7f97163a11c0 CURRENT file:  CURRENT
2021/06/08-13:48:30.061663 7f97163a11c0 IDENTITY file:  IDENTITY
2021/06/08-13:48:30.061672 7f97163a11c0 MANIFEST file:  MANIFEST-000029 size: 1080 Bytes
2021/06/08-13:48:30.061675 7f97163a11c0 SST files in /home/fer/Projects/pro/ic/ic-playground/.dfx/state/replicated_state/node-100/ic_consensus_pool/certification dir, Total Num: 2, files: 000033.sst 000034.sst 
2021/06/08-13:48:30.061678 7f97163a11c0 Write Ahead Log file in /home/fer/Projects/pro/ic/ic-playground/.dfx/state/replicated_state/node-100/ic_consensus_pool/certification: 000030.log size: 500229 ; 
2021/06/08-13:48:30.061681 7f97163a11c0                         Options.error_if_exists: 0
2021/06/08-13:48:30.061683 7f97163a11c0                       Options.create_if_missing: 1
2021/06/08-13:48:30.061685 7f97163a11c0                         Options.paranoid_checks: 1
2021/06/08-13:48:30.061687 7f97163a11c0                                     Options.env: 0x560a669f5ba0
2021/06/08-13:48:30.061690 7f97163a11c0                                      Options.fs: Posix File System
2021/06/08-13:48:30.061693 7f97163a11c0                                Options.info_log: 0x7f9713eb4b20
2021/06/08-13:48:30.061695 7f97163a11c0                Options.max_file_opening_threads: 16
2021/06/08-13:48:30.061697 7f97163a11c0                              Options.statistics: (nil)
2021/06/08-13:48:30.061700 7f97163a11c0                               Options.use_fsync: 1
2021/06/08-13:48:30.061702 7f97163a11c0                       Options.max_log_file_size: 0
2021/06/08-13:48:30.061704 7f97163a11c0                  Options.max_manifest_file_size: 1073741824
2021/06/08-13:48:30.061706 7f97163a11c0                   Options.log_file_time_to_roll: 0
2021/06/08-13:48:30.061708 7f97163a11c0                       Options.keep_log_file_num: 1000
2021/06/08-13:48:30.061710 7f97163a11c0                    Options.recycle_log_file_num: 0
2021/06/08-13:48:30.061712 7f97163a11c0                         Options.allow_fallocate: 1
2021/06/08-13:48:30.061715 7f97163a11c0                        Options.allow_mmap_reads: 0
2021/06/08-13:48:30.061717 7f97163a11c0                       Options.allow_mmap_writes: 0
2021/06/08-13:48:30.061719 7f97163a11c0                        Options.use_direct_reads: 0
2021/06/08-13:48:30.061722 7f97163a11c0                        Options.use_direct_io_for_flush_and_compaction: 0
2021/06/08-13:48:30.061724 7f97163a11c0          Options.create_missing_column_families: 1
2021/06/08-13:48:30.061726 7f97163a11c0                              Options.db_log_dir: 
2021/06/08-13:48:30.061728 7f97163a11c0                                 Options.wal_dir: /home/fer/Projects/pro/ic/ic-playground/.dfx/state/replicated_state/node-100/ic_consensus_pool/certification
2021/06/08-13:48:30.061730 7f97163a11c0                Options.table_cache_numshardbits: 6
2021/06/08-13:48:30.061732 7f97163a11c0                         Options.WAL_ttl_seconds: 0
2021/06/08-13:48:30.061735 7f97163a11c0                       Options.WAL_size_limit_MB: 0
2021/06/08-13:48:30.061737 7f97163a11c0                        Options.max_write_batch_group_size_bytes: 1048576
2021/06/08-13:48:30.061739 7f97163a11c0             Options.manifest_preallocation_size: 4194304
2021/06/08-13:48:30.061741 7f97163a11c0                     Options.is_fd_close_on_exec: 1
2021/06/08-13:48:30.061744 7f97163a11c0                   Options.advise_random_on_open: 1
2021/06/08-13:48:30.061746 7f97163a11c0                    Options.db_write_buffer_size: 0
2021/06/08-13:48:30.061748 7f97163a11c0                    Options.write_buffer_manager: 0x7f9713e69c30
2021/06/08-13:48:30.061750 7f97163a11c0         Options.access_hint_on_compaction_start: 1
2021/06/08-13:48:30.061752 7f97163a11c0  Options.new_table_reader_for_compaction_inputs: 0
2021/06/08-13:48:30.061772 7f97163a11c0           Options.random_access_max_buffer_size: 1048576
2021/06/08-13:48:30.061775 7f97163a11c0                      Options.use_adaptive_mutex: 0
2021/06/08-13:48:30.061777 7f97163a11c0                            Options.rate_limiter: (nil)
2021/06/08-13:48:30.061780 7f97163a11c0     Options.sst_file_manager.rate_bytes_per_sec: 0
2021/06/08-13:48:30.061782 7f97163a11c0                       Options.wal_recovery_mode: 2
2021/06/08-13:48:30.061784 7f97163a11c0                  Options.enable_thread_tracking: 0
2021/06/08-13:48:30.061786 7f97163a11c0                  Options.enable_pipelined_write: 0
2021/06/08-13:48:30.061788 7f97163a11c0                  Options.unordered_write: 0
2021/06/08-13:48:30.061790 7f97163a11c0         Options.allow_concurrent_memtable_write: 1
2021/06/08-13:48:30.061792 7f97163a11c0      Options.enable_write_thread_adaptive_yield: 1
2021/06/08-13:48:30.061794 7f97163a11c0             Options.write_thread_max_yield_usec: 100
2021/06/08-13:48:30.061797 7f97163a11c0            Options.write_thread_slow_yield_usec: 3
2021/06/08-13:48:30.061799 7f97163a11c0                               Options.row_cache: None
2021/06/08-13:48:30.061801 7f97163a11c0                              Options.wal_filter: None
2021/06/08-13:48:30.061804 7f97163a11c0             Options.avoid_flush_during_recovery: 0
2021/06/08-13:48:30.061806 7f97163a11c0             Options.allow_ingest_behind: 0
2021/06/08-13:48:30.061808 7f97163a11c0             Options.preserve_deletes: 0
2021/06/08-13:48:30.061810 7f97163a11c0             Options.two_write_queues: 0
2021/06/08-13:48:30.061812 7f97163a11c0             Options.manual_wal_flush: 0
2021/06/08-13:48:30.061814 7f97163a11c0             Options.atomic_flush: 0
2021/06/08-13:48:30.061816 7f97163a11c0             Options.avoid_unnecessary_blocking_io: 0
2021/06/08-13:48:30.061819 7f97163a11c0                 Options.persist_stats_to_disk: 0
2021/06/08-13:48:30.061821 7f97163a11c0                 Options.write_dbid_to_manifest: 0
2021/06/08-13:48:30.061823 7f97163a11c0                 Options.log_readahead_size: 0
2021/06/08-13:48:30.061825 7f97163a11c0                 Options.file_checksum_gen_factory: Unknown
2021/06/08-13:48:30.061827 7f97163a11c0                 Options.best_efforts_recovery: 0
2021/06/08-13:48:30.061829 7f97163a11c0                Options.max_bgerror_resume_count: 2147483647
2021/06/08-13:48:30.061832 7f97163a11c0            Options.bgerror_resume_retry_interval: 1000000
2021/06/08-13:48:30.061834 7f97163a11c0             Options.max_background_jobs: 2
2021/06/08-13:48:30.061836 7f97163a11c0             Options.max_background_compactions: -1
2021/06/08-13:48:30.061838 7f97163a11c0             Options.max_subcompactions: 1
2021/06/08-13:48:30.061840 7f97163a11c0             Options.avoid_flush_during_shutdown: 0
2021/06/08-13:48:30.061842 7f97163a11c0           Options.writable_file_max_buffer_size: 1048576
2021/06/08-13:48:30.061845 7f97163a11c0             Options.delayed_write_rate : 16777216
2021/06/08-13:48:30.061847 7f97163a11c0             Options.max_total_wal_size: 0
2021/06/08-13:48:30.061849 7f97163a11c0             Options.delete_obsolete_files_period_micros: 21600000000
2021/06/08-13:48:30.061851 7f97163a11c0                   Options.stats_dump_period_sec: 600
2021/06/08-13:48:30.061854 7f97163a11c0                 Options.stats_persist_period_sec: 600
2021/06/08-13:48:30.061856 7f97163a11c0                 Options.stats_history_buffer_size: 1048576
2021/06/08-13:48:30.061858 7f97163a11c0                          Options.max_open_files: -1
2021/06/08-13:48:30.061860 7f97163a11c0                          Options.bytes_per_sync: 0
2021/06/08-13:48:30.061863 7f97163a11c0                      Options.wal_bytes_per_sync: 0
2021/06/08-13:48:30.061864 7f97163a11c0                   Options.strict_bytes_per_sync: 0
2021/06/08-13:48:30.061866 7f97163a11c0       Options.compaction_readahead_size: 0
2021/06/08-13:48:30.061868 7f97163a11c0                  Options.max_background_flushes: -1
2021/06/08-13:48:30.061881 7f97163a11c0 Compression algorithms supported:
2021/06/08-13:48:30.061884 7f97163a11c0 	kZSTDNotFinalCompression supported: 1
2021/06/08-13:48:30.061887 7f97163a11c0 	kZSTD supported: 1
2021/06/08-13:48:30.061890 7f97163a11c0 	kXpressCompression supported: 0
2021/06/08-13:48:30.061892 7f97163a11c0 	kLZ4HCCompression supported: 1
2021/06/08-13:48:30.061894 7f97163a11c0 	kLZ4Compression supported: 1
2021/06/08-13:48:30.061896 7f97163a11c0 	kBZip2Compression supported: 1
2021/06/08-13:48:30.061899 7f97163a11c0 	kZlibCompression supported: 1
2021/06/08-13:48:30.061901 7f97163a11c0 	kSnappyCompression supported: 1
2021/06/08-13:48:30.061904 7f97163a11c0 Fast CRC32 supported: Supported on x86
2021/06/08-13:48:30.062021 7f97163a11c0 [db/version_set.cc:4559] Recovering from manifest file: /home/fer/Projects/pro/ic/ic-playground/.dfx/state/replicated_state/node-100/ic_consensus_pool/certification/MANIFEST-000029
2021/06/08-13:48:30.062193 7f97163a11c0 [db/column_family.cc:578] --------------- Options for column family [default]:
2021/06/08-13:48:30.062198 7f97163a11c0               Options.comparator: leveldb.BytewiseComparator
2021/06/08-13:48:30.062200 7f97163a11c0           Options.merge_operator: None
2021/06/08-13:48:30.062203 7f97163a11c0        Options.compaction_filter: None
2021/06/08-13:48:30.062204 7f97163a11c0        Options.compaction_filter_factory: None
2021/06/08-13:48:30.062207 7f97163a11c0  Options.sst_partitioner_factory: None
2021/06/08-13:48:30.062209 7f97163a11c0         Options.memtable_factory: SkipListFactory
2021/06/08-13:48:30.062211 7f97163a11c0            Options.table_factory: BlockBasedTable
2021/06/08-13:48:30.062250 7f97163a11c0            table_factory options:   flush_block_policy_factory: FlushBlockBySizePolicyFactory (0x7f9715e32e40)
  cache_index_and_filter_blocks: 0
  cache_index_and_filter_blocks_with_high_priority: 1
  pin_l0_filter_and_index_blocks_in_cache: 0
  pin_top_level_index_and_filter: 1
  index_type: 0
  data_block_index_type: 0
  index_shortening: 1
  data_block_hash_table_util_ratio: 0.750000
  hash_index_allow_collision: 1
  checksum: 1
  no_block_cache: 0
  block_cache: 0x7f9713e11b90
  block_cache_name: LRUCache
  block_cache_options:
    capacity : 8388608
    num_shard_bits : 4
    strict_capacity_limit : 0
    memory_allocator : None
    high_pri_pool_ratio: 0.000
  block_cache_compressed: (nil)
  persistent_cache: (nil)
  block_size: 4096
  block_size_deviation: 10
  block_restart_interval: 16
  index_block_restart_interval: 1
  metadata_block_size: 4096
  partition_filters: 0
  use_delta_encoding: 1
  filter_policy: nullptr
  whole_key_filtering: 1
  verify_compression: 0
  read_amp_bytes_per_bit: 0
  format_version: 4
  enable_index_compression: 1
  block_align: 0
2021/06/08-13:48:30.062255 7f97163a11c0        Options.write_buffer_size: 67108864
2021/06/08-13:48:30.062257 7f97163a11c0  Options.max_write_buffer_number: 2
2021/06/08-13:48:30.062259 7f97163a11c0          Options.compression: Snappy
2021/06/08-13:48:30.062261 7f97163a11c0                  Options.bottommost_compression: Disabled
2021/06/08-13:48:30.062264 7f97163a11c0       Options.prefix_extractor: nullptr
2021/06/08-13:48:30.062266 7f97163a11c0   Options.memtable_insert_with_hint_prefix_extractor: nullptr
2021/06/08-13:48:30.062268 7f97163a11c0             Options.num_levels: 7
2021/06/08-13:48:30.062270 7f97163a11c0        Options.min_write_buffer_number_to_merge: 1
2021/06/08-13:48:30.062272 7f97163a11c0     Options.max_write_buffer_number_to_maintain: 0
2021/06/08-13:48:30.062274 7f97163a11c0     Options.max_write_buffer_size_to_maintain: 0
2021/06/08-13:48:30.062277 7f97163a11c0            Options.bottommost_compression_opts.window_bits: -14
2021/06/08-13:48:30.062278 7f97163a11c0                  Options.bottommost_compression_opts.level: 32767
2021/06/08-13:48:30.062280 7f97163a11c0               Options.bottommost_compression_opts.strategy: 0
2021/06/08-13:48:30.062282 7f97163a11c0         Options.bottommost_compression_opts.max_dict_bytes: 0
2021/06/08-13:48:30.062284 7f97163a11c0         Options.bottommost_compression_opts.zstd_max_train_bytes: 0
2021/06/08-13:48:30.062304 7f97163a11c0         Options.bottommost_compression_opts.parallel_threads: 1
2021/06/08-13:48:30.062307 7f97163a11c0                  Options.bottommost_compression_opts.enabled: false
2021/06/08-13:48:30.062309 7f97163a11c0            Options.compression_opts.window_bits: -14
2021/06/08-13:48:30.062310 7f97163a11c0                  Options.compression_opts.level: 32767
2021/06/08-13:48:30.062313 7f97163a11c0               Options.compression_opts.strategy: 0
2021/06/08-13:48:30.062315 7f97163a11c0         Options.compression_opts.max_dict_bytes: 0
2021/06/08-13:48:30.062317 7f97163a11c0         Options.compression_opts.zstd_max_train_bytes: 0
2021/06/08-13:48:30.062319 7f97163a11c0         Options.compression_opts.parallel_threads: 1
2021/06/08-13:48:30.062321 7f97163a11c0                  Options.compression_opts.enabled: false
2021/06/08-13:48:30.062323 7f97163a11c0      Options.level0_file_num_compaction_trigger: 4
2021/06/08-13:48:30.062326 7f97163a11c0          Options.level0_slowdown_writes_trigger: 20
2021/06/08-13:48:30.062328 7f97163a11c0              Options.level0_stop_writes_trigger: 36
2021/06/08-13:48:30.062330 7f97163a11c0                   Options.target_file_size_base: 67108864
2021/06/08-13:48:30.062332 7f97163a11c0             Options.target_file_size_multiplier: 1
2021/06/08-13:48:30.062334 7f97163a11c0                Options.max_bytes_for_level_base: 268435456
2021/06/08-13:48:30.062336 7f97163a11c0 Options.level_compaction_dynamic_level_bytes: 0
2021/06/08-13:48:30.062339 7f97163a11c0          Options.max_bytes_for_level_multiplier: 10.000000
2021/06/08-13:48:30.062343 7f97163a11c0 Options.max_bytes_for_level_multiplier_addtl[0]: 1
2021/06/08-13:48:30.062346 7f97163a11c0 Options.max_bytes_for_level_multiplier_addtl[1]: 1
2021/06/08-13:48:30.062348 7f97163a11c0 Options.max_bytes_for_level_multiplier_addtl[2]: 1
2021/06/08-13:48:30.062350 7f97163a11c0 Options.max_bytes_for_level_multiplier_addtl[3]: 1
2021/06/08-13:48:30.062352 7f97163a11c0 Options.max_bytes_for_level_multiplier_addtl[4]: 1
2021/06/08-13:48:30.062355 7f97163a11c0 Options.max_bytes_for_level_multiplier_addtl[5]: 1
2021/06/08-13:48:30.062357 7f97163a11c0 Options.max_bytes_for_level_multiplier_addtl[6]: 1
2021/06/08-13:48:30.062359 7f97163a11c0       Options.max_sequential_skip_in_iterations: 8
2021/06/08-13:48:30.062361 7f97163a11c0                    Options.max_compaction_bytes: 1677721600
2021/06/08-13:48:30.062363 7f97163a11c0                        Options.arena_block_size: 8388608
2021/06/08-13:48:30.062365 7f97163a11c0   Options.soft_pending_compaction_bytes_limit: 68719476736
2021/06/08-13:48:30.062368 7f97163a11c0   Options.hard_pending_compaction_bytes_limit: 274877906944
2021/06/08-13:48:30.062370 7f97163a11c0       Options.rate_limit_delay_max_milliseconds: 100
2021/06/08-13:48:30.062372 7f97163a11c0                Options.disable_auto_compactions: 0
2021/06/08-13:48:30.062375 7f97163a11c0                        Options.compaction_style: kCompactionStyleLevel
2021/06/08-13:48:30.062378 7f97163a11c0                          Options.compaction_pri: kMinOverlappingRatio
2021/06/08-13:48:30.062380 7f97163a11c0 Options.compaction_options_universal.size_ratio: 1
2021/06/08-13:48:30.062382 7f97163a11c0 Options.compaction_options_universal.min_merge_width: 2
2021/06/08-13:48:30.062384 7f97163a11c0 Options.compaction_options_universal.max_merge_width: 4294967295
2021/06/08-13:48:30.062386 7f97163a11c0 Options.compaction_options_universal.max_size_amplification_percent: 200
2021/06/08-13:48:30.062388 7f97163a11c0 Options.compaction_options_universal.compression_size_percent: -1
2021/06/08-13:48:30.062391 7f97163a11c0 Options.compaction_options_universal.stop_style: kCompactionStopStyleTotalSize
2021/06/08-13:48:30.062393 7f97163a11c0 Options.compaction_options_fifo.max_table_files_size: 1073741824
2021/06/08-13:48:30.062395 7f97163a11c0 Options.compaction_options_fifo.allow_compaction: 0
2021/06/08-13:48:30.062402 7f97163a11c0                   Options.table_properties_collectors: 
2021/06/08-13:48:30.062418 7f97163a11c0                   Options.inplace_update_support: 0
2021/06/08-13:48:30.062420 7f97163a11c0                 Options.inplace_update_num_locks: 10000
2021/06/08-13:48:30.062422 7f97163a11c0               Options.memtable_prefix_bloom_size_ratio: 0.000000
2021/06/08-13:48:30.062425 7f97163a11c0               Options.memtable_whole_key_filtering: 0
2021/06/08-13:48:30.062428 7f97163a11c0   Options.memtable_huge_page_size: 0
2021/06/08-13:48:30.062430 7f97163a11c0                           Options.bloom_locality: 0
2021/06/08-13:48:30.062432 7f97163a11c0                    Options.max_successive_merges: 0
2021/06/08-13:48:30.062434 7f97163a11c0                Options.optimize_filters_for_hits: 0
2021/06/08-13:48:30.062436 7f97163a11c0                Options.paranoid_file_checks: 0
2021/06/08-13:48:30.062438 7f97163a11c0                Options.force_consistency_checks: 0
2021/06/08-13:48:30.062440 7f97163a11c0                Options.report_bg_io_stats: 0
2021/06/08-13:48:30.062442 7f97163a11c0                               Options.ttl: 2592000
2021/06/08-13:48:30.062444 7f97163a11c0          Options.periodic_compaction_seconds: 0
2021/06/08-13:48:30.062537 7f97163a11c0 [db/column_family.cc:578] --------------- Options for column family [CE]:
2021/06/08-13:48:30.062542 7f97163a11c0               Options.comparator: leveldb.BytewiseComparator
2021/06/08-13:48:30.062543 7f97163a11c0           Options.merge_operator: None
2021/06/08-13:48:30.062546 7f97163a11c0        Options.compaction_filter: filter_outdated
2021/06/08-13:48:30.062548 7f97163a11c0        Options.compaction_filter_factory: None
2021/06/08-13:48:30.062550 7f97163a11c0  Options.sst_partitioner_factory: None
2021/06/08-13:48:30.062552 7f97163a11c0         Options.memtable_factory: SkipListFactory
2021/06/08-13:48:30.062554 7f97163a11c0            Options.table_factory: BlockBasedTable
2021/06/08-13:48:30.062583 7f97163a11c0            table_factory options:   flush_block_policy_factory: FlushBlockBySizePolicyFactory (0x7f9715e32e08)
  cache_index_and_filter_blocks: 0
  cache_index_and_filter_blocks_with_high_priority: 1
  pin_l0_filter_and_index_blocks_in_cache: 0
  pin_top_level_index_and_filter: 1
  index_type: 0
  data_block_index_type: 0
  index_shortening: 1
  data_block_hash_table_util_ratio: 0.750000
  hash_index_allow_collision: 1
  checksum: 1
  no_block_cache: 0
  block_cache: 0x7f9713e1d210
  block_cache_name: LRUCache
  block_cache_options:
    capacity : 8388608
    num_shard_bits : 4
    strict_capacity_limit : 0
    memory_allocator : None
    high_pri_pool_ratio: 0.000
  block_cache_compressed: (nil)
  persistent_cache: (nil)
  block_size: 4096
  block_size_deviation: 10
  block_restart_interval: 16
  index_block_restart_interval: 1
  metadata_block_size: 4096
  partition_filters: 0
  use_delta_encoding: 1
  filter_policy: nullptr
  whole_key_filtering: 1
  verify_compression: 0
  read_amp_bytes_per_bit: 0
  format_version: 4
  enable_index_compression: 1
  block_align: 0
2021/06/08-13:48:30.062587 7f97163a11c0        Options.write_buffer_size: 67108864
2021/06/08-13:48:30.062590 7f97163a11c0  Options.max_write_buffer_number: 2
2021/06/08-13:48:30.062592 7f97163a11c0          Options.compression: NoCompression
2021/06/08-13:48:30.062594 7f97163a11c0                  Options.bottommost_compression: Disabled
2021/06/08-13:48:30.062596 7f97163a11c0       Options.prefix_extractor: nullptr
2021/06/08-13:48:30.062597 7f97163a11c0   Options.memtable_insert_with_hint_prefix_extractor: nullptr
2021/06/08-13:48:30.062599 7f97163a11c0             Options.num_levels: 7
2021/06/08-13:48:30.062602 7f97163a11c0        Options.min_write_buffer_number_to_merge: 1
2021/06/08-13:48:30.062604 7f97163a11c0     Options.max_write_buffer_number_to_maintain: 0
2021/06/08-13:48:30.062606 7f97163a11c0     Options.max_write_buffer_size_to_maintain: 0
2021/06/08-13:48:30.062608 7f97163a11c0            Options.bottommost_compression_opts.window_bits: -14
2021/06/08-13:48:30.062610 7f97163a11c0                  Options.bottommost_compression_opts.level: 32767
2021/06/08-13:48:30.062628 7f97163a11c0               Options.bottommost_compression_opts.strategy: 0
2021/06/08-13:48:30.062630 7f97163a11c0         Options.bottommost_compression_opts.max_dict_bytes: 0
2021/06/08-13:48:30.062632 7f97163a11c0         Options.bottommost_compression_opts.zstd_max_train_bytes: 0
2021/06/08-13:48:30.062635 7f97163a11c0         Options.bottommost_compression_opts.parallel_threads: 1
2021/06/08-13:48:30.062637 7f97163a11c0                  Options.bottommost_compression_opts.enabled: false
2021/06/08-13:48:30.062639 7f97163a11c0            Options.compression_opts.window_bits: -14
2021/06/08-13:48:30.062641 7f97163a11c0                  Options.compression_opts.level: 32767
2021/06/08-13:48:30.062643 7f97163a11c0               Options.compression_opts.strategy: 0
2021/06/08-13:48:30.062645 7f97163a11c0         Options.compression_opts.max_dict_bytes: 0
2021/06/08-13:48:30.062647 7f97163a11c0         Options.compression_opts.zstd_max_train_bytes: 0
2021/06/08-13:48:30.062649 7f97163a11c0         Options.compression_opts.parallel_threads: 1
2021/06/08-13:48:30.062650 7f97163a11c0                  Options.compression_opts.enabled: false
2021/06/08-13:48:30.062652 7f97163a11c0      Options.level0_file_num_compaction_trigger: 4
2021/06/08-13:48:30.062655 7f97163a11c0          Options.level0_slowdown_writes_trigger: 20
2021/06/08-13:48:30.062657 7f97163a11c0              Options.level0_stop_writes_trigger: 36
2021/06/08-13:48:30.062659 7f97163a11c0                   Options.target_file_size_base: 67108864
2021/06/08-13:48:30.062661 7f97163a11c0             Options.target_file_size_multiplier: 1
2021/06/08-13:48:30.062663 7f97163a11c0                Options.max_bytes_for_level_base: 268435456
2021/06/08-13:48:30.062665 7f97163a11c0 Options.level_compaction_dynamic_level_bytes: 0
2021/06/08-13:48:30.062667 7f97163a11c0          Options.max_bytes_for_level_multiplier: 10.000000
2021/06/08-13:48:30.062671 7f97163a11c0 Options.max_bytes_for_level_multiplier_addtl[0]: 1
2021/06/08-13:48:30.062673 7f97163a11c0 Options.max_bytes_for_level_multiplier_addtl[1]: 1
2021/06/08-13:48:30.062675 7f97163a11c0 Options.max_bytes_for_level_multiplier_addtl[2]: 1
2021/06/08-13:48:30.062677 7f97163a11c0 Options.max_bytes_for_level_multiplier_addtl[3]: 1
2021/06/08-13:48:30.062679 7f97163a11c0 Options.max_bytes_for_level_multiplier_addtl[4]: 1
2021/06/08-13:48:30.062681 7f97163a11c0 Options.max_bytes_for_level_multiplier_addtl[5]: 1
2021/06/08-13:48:30.062684 7f97163a11c0 Options.max_bytes_for_level_multiplier_addtl[6]: 1
2021/06/08-13:48:30.062686 7f97163a11c0       Options.max_sequential_skip_in_iterations: 8
2021/06/08-13:48:30.062688 7f97163a11c0                    Options.max_compaction_bytes: 1677721600
2021/06/08-13:48:30.062690 7f97163a11c0                        Options.arena_block_size: 8388608
2021/06/08-13:48:30.062692 7f97163a11c0   Options.soft_pending_compaction_bytes_limit: 68719476736
2021/06/08-13:48:30.062694 7f97163a11c0   Options.hard_pending_compaction_bytes_limit: 274877906944
2021/06/08-13:48:30.062696 7f97163a11c0       Options.rate_limit_delay_max_milliseconds: 100
2021/06/08-13:48:30.062698 7f97163a11c0                Options.disable_auto_compactions: 1
2021/06/08-13:48:30.062700 7f97163a11c0                        Options.compaction_style: kCompactionStyleLevel
2021/06/08-13:48:30.062703 7f97163a11c0                          Options.compaction_pri: kMinOverlappingRatio
2021/06/08-13:48:30.062705 7f97163a11c0 Options.compaction_options_universal.size_ratio: 1
2021/06/08-13:48:30.062707 7f97163a11c0 Options.compaction_options_universal.min_merge_width: 2
2021/06/08-13:48:30.062709 7f97163a11c0 Options.compaction_options_universal.max_merge_width: 4294967295
2021/06/08-13:48:30.062711 7f97163a11c0 Options.compaction_options_universal.max_size_amplification_percent: 200
2021/06/08-13:48:30.062713 7f97163a11c0 Options.compaction_options_universal.compression_size_percent: -1
2021/06/08-13:48:30.062716 7f97163a11c0 Options.compaction_options_universal.stop_style: kCompactionStopStyleTotalSize
2021/06/08-13:48:30.062728 7f97163a11c0 Options.compaction_options_fifo.max_table_files_size: 1073741824
2021/06/08-13:48:30.062731 7f97163a11c0 Options.compaction_options_fifo.allow_compaction: 0
2021/06/08-13:48:30.062735 7f97163a11c0                   Options.table_properties_collectors: 
2021/06/08-13:48:30.062737 7f97163a11c0                   Options.inplace_update_support: 0
2021/06/08-13:48:30.062739 7f97163a11c0                 Options.inplace_update_num_locks: 10000
2021/06/08-13:48:30.062741 7f97163a11c0               Options.memtable_prefix_bloom_size_ratio: 0.000000
2021/06/08-13:48:30.062744 7f97163a11c0               Options.memtable_whole_key_filtering: 0
2021/06/08-13:48:30.062746 7f97163a11c0   Options.memtable_huge_page_size: 0
2021/06/08-13:48:30.062748 7f97163a11c0                           Options.bloom_locality: 0
2021/06/08-13:48:30.062750 7f97163a11c0                    Options.max_successive_merges: 0
2021/06/08-13:48:30.062751 7f97163a11c0                Options.optimize_filters_for_hits: 0
2021/06/08-13:48:30.062754 7f97163a11c0                Options.paranoid_file_checks: 0
2021/06/08-13:48:30.062756 7f97163a11c0                Options.force_consistency_checks: 0
2021/06/08-13:48:30.062758 7f97163a11c0                Options.report_bg_io_stats: 0
2021/06/08-13:48:30.062760 7f97163a11c0                               Options.ttl: 2592000
2021/06/08-13:48:30.062762 7f97163a11c0          Options.periodic_compaction_seconds: 2592000
2021/06/08-13:48:30.062811 7f97163a11c0 [db/column_family.cc:578] --------------- Options for column family [CES]:
2021/06/08-13:48:30.062815 7f97163a11c0               Options.comparator: leveldb.BytewiseComparator
2021/06/08-13:48:30.062817 7f97163a11c0           Options.merge_operator: None
2021/06/08-13:48:30.062820 7f97163a11c0        Options.compaction_filter: filter_outdated
2021/06/08-13:48:30.062822 7f97163a11c0        Options.compaction_filter_factory: None
2021/06/08-13:48:30.062823 7f97163a11c0  Options.sst_partitioner_factory: None
2021/06/08-13:48:30.062825 7f97163a11c0         Options.memtable_factory: SkipListFactory
2021/06/08-13:48:30.062827 7f97163a11c0            Options.table_factory: BlockBasedTable
2021/06/08-13:48:30.062855 7f97163a11c0            table_factory options:   flush_block_policy_factory: FlushBlockBySizePolicyFactory (0x7f9715e32e20)
  cache_index_and_filter_blocks: 0
  cache_index_and_filter_blocks_with_high_priority: 1
  pin_l0_filter_and_index_blocks_in_cache: 0
  pin_top_level_index_and_filter: 1
  index_type: 0
  data_block_index_type: 0
  index_shortening: 1
  data_block_hash_table_util_ratio: 0.750000
  hash_index_allow_collision: 1
  checksum: 1
  no_block_cache: 0
  block_cache: 0x7f9713e11290
  block_cache_name: LRUCache
  block_cache_options:
    capacity : 8388608
    num_shard_bits : 4
    strict_capacity_limit : 0
    memory_allocator : None
    high_pri_pool_ratio: 0.000
  block_cache_compressed: (nil)
  persistent_cache: (nil)
  block_size: 4096
  block_size_deviation: 10
  block_restart_interval: 16
  index_block_restart_interval: 1
  metadata_block_size: 4096
  partition_filters: 0
  use_delta_encoding: 1
  filter_policy: nullptr
  whole_key_filtering: 1
  verify_compression: 0
  read_amp_bytes_per_bit: 0
  format_version: 4
  enable_index_compression: 1
  block_align: 0
2021/06/08-13:48:30.062859 7f97163a11c0        Options.write_buffer_size: 67108864
2021/06/08-13:48:30.062861 7f97163a11c0  Options.max_write_buffer_number: 2
2021/06/08-13:48:30.062863 7f97163a11c0          Options.compression: NoCompression
2021/06/08-13:48:30.062865 7f97163a11c0                  Options.bottommost_compression: Disabled
2021/06/08-13:48:30.062867 7f97163a11c0       Options.prefix_extractor: nullptr
2021/06/08-13:48:30.062869 7f97163a11c0   Options.memtable_insert_with_hint_prefix_extractor: nullptr
2021/06/08-13:48:30.062871 7f97163a11c0             Options.num_levels: 7
2021/06/08-13:48:30.062873 7f97163a11c0        Options.min_write_buffer_number_to_merge: 1
2021/06/08-13:48:30.062890 7f97163a11c0     Options.max_write_buffer_number_to_maintain: 0
2021/06/08-13:48:30.062893 7f97163a11c0     Options.max_write_buffer_size_to_maintain: 0
2021/06/08-13:48:30.062895 7f97163a11c0            Options.bottommost_compression_opts.window_bits: -14
2021/06/08-13:48:30.062897 7f97163a11c0                  Options.bottommost_compression_opts.level: 32767
2021/06/08-13:48:30.062899 7f97163a11c0               Options.bottommost_compression_opts.strategy: 0
2021/06/08-13:48:30.062901 7f97163a11c0         Options.bottommost_compression_opts.max_dict_bytes: 0
2021/06/08-13:48:30.062903 7f97163a11c0         Options.bottommost_compression_opts.zstd_max_train_bytes: 0
2021/06/08-13:48:30.062905 7f97163a11c0         Options.bottommost_compression_opts.parallel_threads: 1
2021/06/08-13:48:30.062907 7f97163a11c0                  Options.bottommost_compression_opts.enabled: false
2021/06/08-13:48:30.062909 7f97163a11c0            Options.compression_opts.window_bits: -14
2021/06/08-13:48:30.062911 7f97163a11c0                  Options.compression_opts.level: 32767
2021/06/08-13:48:30.062913 7f97163a11c0               Options.compression_opts.strategy: 0
2021/06/08-13:48:30.062915 7f97163a11c0         Options.compression_opts.max_dict_bytes: 0
2021/06/08-13:48:30.062917 7f97163a11c0         Options.compression_opts.zstd_max_train_bytes: 0
2021/06/08-13:48:30.062919 7f97163a11c0         Options.compression_opts.parallel_threads: 1
2021/06/08-13:48:30.062921 7f97163a11c0                  Options.compression_opts.enabled: false
2021/06/08-13:48:30.062923 7f97163a11c0      Options.level0_file_num_compaction_trigger: 4
2021/06/08-13:48:30.062925 7f97163a11c0          Options.level0_slowdown_writes_trigger: 20
2021/06/08-13:48:30.062927 7f97163a11c0              Options.level0_stop_writes_trigger: 36
2021/06/08-13:48:30.062929 7f97163a11c0                   Options.target_file_size_base: 67108864
2021/06/08-13:48:30.062931 7f97163a11c0             Options.target_file_size_multiplier: 1
2021/06/08-13:48:30.062933 7f97163a11c0                Options.max_bytes_for_level_base: 268435456
2021/06/08-13:48:30.062935 7f97163a11c0 Options.level_compaction_dynamic_level_bytes: 0
2021/06/08-13:48:30.062937 7f97163a11c0          Options.max_bytes_for_level_multiplier: 10.000000
2021/06/08-13:48:30.062941 7f97163a11c0 Options.max_bytes_for_level_multiplier_addtl[0]: 1
2021/06/08-13:48:30.062943 7f97163a11c0 Options.max_bytes_for_level_multiplier_addtl[1]: 1
2021/06/08-13:48:30.062945 7f97163a11c0 Options.max_bytes_for_level_multiplier_addtl[2]: 1
2021/06/08-13:48:30.062947 7f97163a11c0 Options.max_bytes_for_level_multiplier_addtl[3]: 1
2021/06/08-13:48:30.062949 7f97163a11c0 Options.max_bytes_for_level_multiplier_addtl[4]: 1
2021/06/08-13:48:30.062951 7f97163a11c0 Options.max_bytes_for_level_multiplier_addtl[5]: 1
2021/06/08-13:48:30.062954 7f97163a11c0 Options.max_bytes_for_level_multiplier_addtl[6]: 1
2021/06/08-13:48:30.062956 7f97163a11c0       Options.max_sequential_skip_in_iterations: 8
2021/06/08-13:48:30.062958 7f97163a11c0                    Options.max_compaction_bytes: 1677721600
2021/06/08-13:48:30.062960 7f97163a11c0                        Options.arena_block_size: 8388608
2021/06/08-13:48:30.062962 7f97163a11c0   Options.soft_pending_compaction_bytes_limit: 68719476736
2021/06/08-13:48:30.062964 7f97163a11c0   Options.hard_pending_compaction_bytes_limit: 274877906944
2021/06/08-13:48:30.062966 7f97163a11c0       Options.rate_limit_delay_max_milliseconds: 100
2021/06/08-13:48:30.062968 7f97163a11c0                Options.disable_auto_compactions: 1
2021/06/08-13:48:30.062970 7f97163a11c0                        Options.compaction_style: kCompactionStyleLevel
2021/06/08-13:48:30.062973 7f97163a11c0                          Options.compaction_pri: kMinOverlappingRatio
2021/06/08-13:48:30.062975 7f97163a11c0 Options.compaction_options_universal.size_ratio: 1
2021/06/08-13:48:30.062977 7f97163a11c0 Options.compaction_options_universal.min_merge_width: 2
2021/06/08-13:48:30.062979 7f97163a11c0 Options.compaction_options_universal.max_merge_width: 4294967295
2021/06/08-13:48:30.062992 7f97163a11c0 Options.compaction_options_universal.max_size_amplification_percent: 200
2021/06/08-13:48:30.062994 7f97163a11c0 Options.compaction_options_universal.compression_size_percent: -1
2021/06/08-13:48:30.062997 7f97163a11c0 Options.compaction_options_universal.stop_style: kCompactionStopStyleTotalSize
2021/06/08-13:48:30.062999 7f97163a11c0 Options.compaction_options_fifo.max_table_files_size: 1073741824
2021/06/08-13:48:30.063001 7f97163a11c0 Options.compaction_options_fifo.allow_compaction: 0
2021/06/08-13:48:30.063004 7f97163a11c0                   Options.table_properties_collectors: 
2021/06/08-13:48:30.063006 7f97163a11c0                   Options.inplace_update_support: 0
2021/06/08-13:48:30.063008 7f97163a11c0                 Options.inplace_update_num_locks: 10000
2021/06/08-13:48:30.063010 7f97163a11c0               Options.memtable_prefix_bloom_size_ratio: 0.000000
2021/06/08-13:48:30.063013 7f97163a11c0               Options.memtable_whole_key_filtering: 0
2021/06/08-13:48:30.063015 7f97163a11c0   Options.memtable_huge_page_size: 0
2021/06/08-13:48:30.063017 7f97163a11c0                           Options.bloom_locality: 0
2021/06/08-13:48:30.063019 7f97163a11c0                    Options.max_successive_merges: 0
2021/06/08-13:48:30.063021 7f97163a11c0                Options.optimize_filters_for_hits: 0
2021/06/08-13:48:30.063022 7f97163a11c0                Options.paranoid_file_checks: 0
2021/06/08-13:48:30.063024 7f97163a11c0                Options.force_consistency_checks: 0
2021/06/08-13:48:30.063025 7f97163a11c0                Options.report_bg_io_stats: 0
2021/06/08-13:48:30.063027 7f97163a11c0                               Options.ttl: 2592000
2021/06/08-13:48:30.063029 7f97163a11c0          Options.periodic_compaction_seconds: 2592000
2021/06/08-13:48:30.066111 7f97163a11c0 [db/version_set.cc:4708] Recovered from manifest file:/home/fer/Projects/pro/ic/ic-playground/.dfx/state/replicated_state/node-100/ic_consensus_pool/certification/MANIFEST-000029 succeeded,manifest_file_number is 29, next_file_number is 36, last_sequence is 2398, log_number is 22,prev_log_number is 0,max_column_family is 2,min_log_number_to_keep is 0
2021/06/08-13:48:30.066122 7f97163a11c0 [db/version_set.cc:4724] Column family [default] (ID 0), log number is 22
2021/06/08-13:48:30.066125 7f97163a11c0 [db/version_set.cc:4724] Column family [CE] (ID 1), log number is 22
2021/06/08-13:48:30.066127 7f97163a11c0 [db/version_set.cc:4724] Column family [CES] (ID 2), log number is 22
2021/06/08-13:48:30.066263 7f97163a11c0 EVENT_LOG_v1 {"time_micros": 1623178110066259, "job": 1, "event": "recovery_started", "log_files": [30]}
2021/06/08-13:48:30.066268 7f97163a11c0 [db/db_impl/db_impl_open.cc:821] Recovering log #30 mode 2
2021/06/08-13:48:30.107557 7f97163a11c0 EVENT_LOG_v1 {"time_micros": 1623178110107536, "cf_name": "CE", "job": 1, "event": "table_file_creation", "file_number": 36, "file_size": 240952, "table_properties": {"data_size": 238971, "index_size": 1156, "index_partitions": 0, "top_level_index_size": 0, "index_key_is_user_key": 1, "index_value_is_delta_encoded": 1, "filter_size": 0, "raw_key_size": 56352, "raw_average_key_size": 48, "raw_value_size": 184318, "raw_average_value_size": 157, "num_data_blocks": 59, "num_entries": 1174, "num_deletions": 0, "num_merge_operands": 0, "num_range_deletions": 0, "format_version": 0, "fixed_key_len": 0, "filter_policy": "", "column_family_name": "CE", "column_family_id": 1, "comparator": "leveldb.BytewiseComparator", "merge_operator": "nullptr", "prefix_extractor_name": "nullptr", "property_collectors": "[]", "compression": "NoCompression", "compression_options": "window_bits=-14; level=32767; strategy=0; max_dict_bytes=0; zstd_max_train_bytes=0; enabled=0; ", "creation_time": 1623178110, "oldest_key_time": 0, "file_creation_time": 0, "db_id": "fb1e5bae-d376-47ca-aa09-d6ef1c6cedb5", "db_session_id": "8I4RSPPWY8VVXY299VLL"}}
2021/06/08-13:48:30.149552 7f97163a11c0 EVENT_LOG_v1 {"time_micros": 1623178110149520, "cf_name": "CES", "job": 1, "event": "table_file_creation", "file_number": 37, "file_size": 222030, "table_properties": {"data_size": 220105, "index_size": 1099, "index_partitions": 0, "top_level_index_size": 0, "index_key_is_user_key": 1, "index_value_is_delta_encoded": 1, "filter_size": 0, "raw_key_size": 56352, "raw_average_key_size": 48, "raw_value_size": 165534, "raw_average_value_size": 141, "num_data_blocks": 56, "num_entries": 1174, "num_deletions": 0, "num_merge_operands": 0, "num_range_deletions": 0, "format_version": 0, "fixed_key_len": 0, "filter_policy": "", "column_family_name": "CES", "column_family_id": 2, "comparator": "leveldb.BytewiseComparator", "merge_operator": "nullptr", "prefix_extractor_name": "nullptr", "property_collectors": "[]", "compression": "NoCompression", "compression_options": "window_bits=-14; level=32767; strategy=0; max_dict_bytes=0; zstd_max_train_bytes=0; enabled=0; ", "creation_time": 1623178110, "oldest_key_time": 0, "file_creation_time": 0, "db_id": "fb1e5bae-d376-47ca-aa09-d6ef1c6cedb5", "db_session_id": "8I4RSPPWY8VVXY299VLL"}}
2021/06/08-13:48:30.149673 7f97163a11c0 [db/version_set.cc:3949] Creating manifest 38
2021/06/08-13:48:30.233540 7f97163a11c0 EVENT_LOG_v1 {"time_micros": 1623178110233534, "job": 1, "event": "recovery_finished"}
2021/06/08-13:48:30.233913 7f97163a11c0 [file/delete_scheduler.cc:69] Deleted file /home/fer/Projects/pro/ic/ic-playground/.dfx/state/replicated_state/node-100/ic_consensus_pool/certification/000030.log immediately, rate_bytes_per_sec 0, total_trash_size 0 max_trash_db_ratio 0.250000
2021/06/08-13:48:30.276582 7f97163a11c0 [db/db_impl/db_impl_open.cc:1638] SstFileManager instance 0x7f9715f27980
2021/06/08-13:48:30.276635 7f97163a11c0 DB pointer 0x7f9713ea5000
2021/06/08-13:48:30.279670 7f96f5ea0700 [db/db_impl/db_impl_compaction_flush.cc:1523] [CE] Manual compaction starting
2021/06/08-13:48:30.279814 7f97044b6700 (Original Log Time 2021/06/08-13:48:30.279794) [db/db_impl/db_impl_compaction_flush.cc:2592] [CE] Manual compaction from level-0 to level-1 from '00000000000000000000000000000000000000000000000000000000000000000000000000000000' seq:72057594037927935, type:20 .. '00000000000008FC0000000000000000000000000000000000000000000000000000000000000000' seq:0, type:0; will stop at (end)
2021/06/08-13:48:30.279823 7f97044b6700 [db/compaction/compaction_job.cc:1759] [CE] [JOB 3] Compacting 1@0 files to L1, score -1.00
2021/06/08-13:48:30.279831 7f97044b6700 [db/compaction/compaction_job.cc:1765] [CE] Compaction start summary: Base version 7 Base level 0, inputs: [36(235KB)]
2021/06/08-13:48:30.279853 7f97044b6700 EVENT_LOG_v1 {"time_micros": 1623178110279843, "job": 3, "event": "compaction_started", "compaction_reason": "ManualCompaction", "files_L0": [36], "score": -1, "input_data_size": 240952}
2021/06/08-13:48:30.342888 7f97044b6700 [db/compaction/compaction_job.cc:1423] [CE] [JOB 3] Generated table #42: 73 keys, 15814 bytes
